Date,Adj Close,Close,High,Low,Open,Volume
2020-12-21,87.10912322998047,95.29000091552734,96.62000274658203,92.20999908447266,93.5999984741211,4811500
2020-12-22,86.83488464355469,94.98999786376953,96.13999938964844,94.97000122070312,95.44000244140625,2970400
2020-12-23,88.50777435302734,96.81999969482422,97.83000183105469,95.75,95.9800033569336,1769400
2020-12-24,88.94657897949219,97.30000305175781,97.41999816894531,95.79000091552734,96.98999786376953,960200
2020-12-28,89.17510223388672,97.55000305175781,99.12000274658203,97.44000244140625,97.81999969482422,2138400
2020-12-29,87.92272186279297,96.18000030517578,97.7699966430664,95.47000122070312,97.55999755859375,1902700
2020-12-30,89.4767837524414,97.87999725341797,97.9800033569336,95.97000122070312,96.5,1405200
2020-12-31,90.36349487304688,98.8499984741211,99.16000366210938,97.05999755859375,98.0,1290800
2021-01-04,89.44019317626953,97.83999633789062,99.98999786376953,96.9800033569336,99.7300033569336,3429700
2021-01-05,91.54277038574219,100.13999938964844,100.58000183105469,97.79000091552734,97.79000091552734,2171500
2021-01-06,98.16119384765625,107.37999725341797,107.6500015258789,102.55999755859375,103.0,4394000
2021-01-07,101.22357940673828,110.7300033569336,111.54000091552734,108.0,108.6500015258789,4795700
2021-01-08,101.06816864013672,110.55999755859375,111.77999877929688,108.63999938964844,111.0,3001100
2021-01-11,99.92549896240234,109.30999755859375,109.94999694824219,107.0,108.2300033569336,3312900
2021-01-12,101.2509994506836,110.76000213623047,111.69999694824219,108.7300033569336,110.26000213623047,3119900
2021-01-13,102.45768737792969,112.08000183105469,113.13999938964844,110.55000305175781,110.55000305175781,3015900
2021-01-14,104.57849884033203,114.4000015258789,115.4800033569336,112.2699966430664,113.02999877929688,2841600
2021-01-15,102.86904907226562,112.52999877929688,113.69000244140625,111.25,112.2300033569336,3396100
2021-01-19,103.17070007324219,112.86000061035156,114.83000183105469,112.55999755859375,114.25,3399600
2021-01-20,101.81777954101562,111.37999725341797,114.18000030517578,111.0199966430664,113.06999969482422,3931300
2021-01-21,99.22158813476562,108.54000091552734,110.98999786376953,106.8499984741211,110.36000061035156,6253800
2021-01-22,96.29632568359375,105.33999633789062,107.41000366210938,103.83000183105469,107.11000061035156,5438600
2021-01-25,93.7275619506836,102.52999877929688,104.44000244140625,100.68000030517578,104.0,3733200
2021-01-26,91.35076904296875,99.93000030517578,103.0,99.81999969482422,102.98999786376953,4237600
2021-01-27,93.87383270263672,102.69000244140625,108.22000122070312,100.87999725341797,103.19000244140625,7617300
2021-01-28,97.66754150390625,106.83999633789062,108.41000366210938,103.04000091552734,104.5,4667500
2021-01-29,95.30902862548828,104.26000213623047,107.48999786376953,103.38999938964844,105.47000122070312,3535400
2021-02-01,94.02923583984375,102.86000061035156,105.97000122070312,102.56999969482422,105.12999725341797,3712600
2021-02-02,96.93622589111328,106.04000091552734,107.29000091552734,103.68000030517578,103.94000244140625,4621200
2021-02-03,98.00577545166016,107.20999908447266,107.55000305175781,105.56999969482422,105.94000244140625,3947700
2021-02-04,102.98786926269531,112.66000366210938,112.94999694824219,107.86000061035156,107.98999786376953,5819400
2021-02-05,104.651611328125,114.4800033569336,115.52999877929688,113.4000015258789,114.5,3925700
2021-02-08,106.04113006591797,116.0,116.91000366210938,114.80000305175781,115.01000213623047,3391700
2021-02-09,105.9771499633789,115.93000030517578,117.4000015258789,114.2699966430664,115.58000183105469,4071400
2021-02-10,107.52205657958984,117.62000274658203,118.4000015258789,116.0999984741211,116.94000244140625,3982600
2021-02-11,107.1015396118164,117.16000366210938,118.43000030517578,115.75,118.0,3273600
2021-02-12,107.64090728759766,117.75,118.7300033569336,116.79000091552734,116.79000091552734,2497200
2021-02-16,109.88818359375,119.80000305175781,120.55999755859375,116.44000244140625,117.45999908447266,3985400
2021-02-17,109.07184600830078,118.91000366210938,120.9800033569336,117.72000122070312,119.37000274658203,3104200
2021-02-18,107.33816528320312,117.0199966430664,118.29000091552734,115.30999755859375,117.5,2348900
2021-02-19,109.66804504394531,119.55999755859375,120.41999816894531,117.93000030517578,118.56999969482422,2989200
2021-02-22,112.43819427490234,122.58000183105469,123.02999877929688,119.12000274658203,119.44999694824219,2902200
2021-02-23,112.40148162841797,122.54000091552734,124.43000030517578,120.44999694824219,123.73999786376953,3003200
2021-02-24,114.18098449707031,124.4800033569336,125.75,122.3499984741211,122.45999908447266,3314200
2021-02-25,109.37451171875,119.23999786376953,125.70999908447266,118.87999725341797,125.4800033569336,4068000
2021-02-26,110.24592590332031,120.19000244140625,121.31999969482422,116.66999816894531,119.52999877929688,3996000
2021-03-01,113.67648315429688,123.93000030517578,124.80000305175781,121.87000274658203,122.37999725341797,2714800
2021-03-02,113.24536895751953,123.45999908447266,124.70999908447266,122.87000274658203,123.5,2486600
2021-03-03,115.0340347290039,125.41000366210938,127.05000305175781,124.33999633789062,124.33999633789062,3043800
2021-03-04,115.52019500732422,125.94000244140625,126.19000244140625,122.0,124.43000030517578,4583700
2021-03-05,117.13457489013672,127.69999694824219,128.4499969482422,120.77999877929688,127.30000305175781,4443000
2021-03-08,118.04267120361328,128.69000244140625,130.63999938964844,127.9000015258789,128.6999969482422,2684200
2021-03-09,115.85041046142578,126.30000305175781,129.13999938964844,125.51000213623047,127.18000030517578,2564100
2021-03-10,118.81318664550781,129.52999877929688,130.0399932861328,126.91999816894531,127.25,2068600
2021-03-11,121.1705093383789,132.10000610351562,132.61000061035156,128.72000122070312,128.8300018310547,2296100
2021-03-12,121.58334350585938,132.5500030517578,134.6999969482422,131.64999389648438,133.9499969482422,2217400
2021-03-15,121.62916564941406,132.60000610351562,132.72999572753906,128.8000030517578,132.5,3208100
2021-03-16,117.85919952392578,128.49000549316406,131.6699981689453,128.1199951171875,131.50999450683594,3221700
2021-03-17,120.75775146484375,131.64999389648438,131.67999267578125,127.27999877929688,129.94000244140625,2840800
2021-03-18,117.6941146850586,128.30999755859375,133.5800018310547,127.63999938964844,132.2899932861328,2443800
2021-03-19,115.96965789794922,126.43000030517578,128.07000732421875,123.94999694824219,127.37999725341797,3318700
2021-03-22,114.8597640991211,125.22000122070312,126.41999816894531,124.38999938964844,125.4800033569336,2090400
2021-03-23,112.28226470947266,122.41000366210938,125.33000183105469,121.20999908447266,123.94999694824219,3862500
2021-03-24,113.65815734863281,123.91000366210938,126.41000366210938,123.52999877929688,124.29000091552734,2096700
2021-03-25,117.29051971435547,127.87000274658203,128.1300048828125,121.44000244140625,123.37000274658203,2716500
2021-03-26,118.86820983886719,129.58999633789062,130.49000549316406,126.56999969482422,129.86000061035156,2864900
2021-03-29,116.02468872070312,126.48999786376953,128.39999389648438,124.94999694824219,127.66000366210938,2128500
2021-03-30,117.92340850830078,128.55999755859375,128.85000610351562,126.45999908447266,127.22000122070312,2732400
2021-03-31,116.70345306396484,127.2300033569336,129.47000122070312,126.91000366210938,128.22000122070312,2389100
2021-04-01,119.04248809814453,129.77999877929688,130.77000427246094,128.2100067138672,128.41000366210938,2589000
2021-04-05,121.62916564941406,132.60000610351562,133.74000549316406,131.0,131.36000061035156,2583100
2021-04-06,121.1063232421875,132.02999877929688,132.97999572753906,131.0500030517578,132.10000610351562,2264500
2021-04-07,121.96854400634766,132.97000122070312,134.35000610351562,132.49000549316406,133.08999633789062,1805900
2021-04-08,121.7483901977539,132.72999572753906,133.32000732421875,129.88999938964844,131.3800048828125,2193500
2021-04-09,123.06926727294922,134.1699981689453,134.4499969482422,132.41000366210938,134.0,2107200
2021-04-12,123.1334457397461,134.24000549316406,134.6300048828125,132.8699951171875,133.72000122070312,2384600
2021-04-13,121.69336700439453,132.6699981689453,133.8000030517578,131.3800048828125,133.6300048828125,2335600
2021-04-14,124.53688049316406,135.77000427246094,136.4499969482422,132.32000732421875,132.5399932861328,2924400
2021-04-15,123.71137237548828,134.8699951171875,136.0800018310547,132.85000610351562,136.07000732421875,3432600
2021-04-16,125.3716049194336,136.67999267578125,137.75,135.25999450683594,136.0399932861328,2888900
2021-04-19,124.20670318603516,135.41000366210938,136.25999450683594,133.88999938964844,135.9199981689453,2383900
2021-04-20,120.62018585205078,131.5,134.55999755859375,129.97999572753906,134.33999633789062,2459000
2021-04-21,121.91349792480469,132.91000366210938,133.4199981689453,127.80000305175781,130.32000732421875,3035000
2021-04-22,121.99608612060547,133.0,134.74000549316406,132.22999572753906,133.5500030517578,2305200
2021-04-23,124.4543228149414,135.67999267578125,136.22999572753906,131.3800048828125,132.58999633789062,2531200
2021-04-26,126.8484115600586,138.2899932861328,139.94000244140625,136.80999755859375,137.0,2169600
2021-04-27,127.45380401611328,138.9499969482422,139.5399932861328,138.0399932861328,138.61000061035156,3486700
2021-04-28,132.41616821289062,144.36000061035156,147.0399932861328,142.0,143.0,4601700
2021-04-29,136.88327026367188,149.22999572753906,149.6699981689453,145.7100067138672,146.00999450683594,3349500
2021-04-30,136.74566650390625,149.0800018310547,150.00999450683594,147.77999877929688,148.1300048828125,3817300
2021-05-03,137.5161590576172,149.9199981689453,151.83999633789062,148.52999877929688,151.07000732421875,2636400
2021-05-04,139.44241333007812,152.02000427246094,152.3800048828125,147.8000030517578,148.88999938964844,4227200
2021-05-05,140.8917236328125,153.60000610351562,154.47000122070312,151.4499969482422,152.82000732421875,3118700
2021-05-06,143.4967041015625,156.44000244140625,156.50999450683594,152.50999450683594,155.0,3664300
2021-05-07,144.6616668701172,157.7100067138672,157.97999572753906,153.22999572753906,153.67999267578125,2480700
2021-05-10,144.35894775390625,157.3800048828125,160.3699951171875,157.3000030517578,159.13999938964844,3298300
2021-05-11,141.9557342529297,154.75999450683594,156.92999267578125,153.25999450683594,154.80999755859375,4332000
2021-05-12,140.31382751464844,152.97000122070312,156.77999877929688,152.3000030517578,155.89999389648438,3298000
2021-05-13,143.35911560058594,156.2899932861328,157.2100067138672,152.0,152.24000549316406,2952900
2021-05-14,145.4006805419922,158.11000061035156,159.25999450683594,156.82000732421875,156.97999572753906,2855700
2021-05-17,147.04678344726562,159.89999389648438,160.47999572753906,157.57000732421875,158.02999877929688,2229500
2021-05-18,144.297119140625,156.91000366210938,160.85000610351562,156.8300018310547,159.2899932861328,2247700
2021-05-19,144.51783752441406,157.14999389648438,157.33999633789062,152.86000061035156,154.1199951171875,3298100
2021-05-20,145.1248321533203,157.80999755859375,159.00999450683594,155.63999938964844,157.63999938964844,2893400
2021-05-21,146.26513671875,159.0500030517578,162.3300018310547,158.38999938964844,158.58999633789062,3552000
2021-05-24,147.81930541992188,160.74000549316406,161.67999267578125,159.33999633789062,159.99000549316406,2087700
2021-05-25,145.50184631347656,158.22000122070312,162.47999572753906,158.1300048828125,161.47000122070312,2670200
2021-05-26,146.99159240722656,159.83999633789062,160.5,157.97999572753906,159.32000732421875,3143500
2021-05-27,148.7848663330078,161.7899932861328,162.75,160.33999633789062,161.85000610351562,3488600
2021-05-28,147.8560791015625,160.77999877929688,162.24000549316406,159.22000122070312,161.8300018310547,3365300
2021-06-01,152.8863983154297,166.25,166.6300048828125,163.74000549316406,165.27000427246094,4188000
2021-06-02,152.58290100097656,165.9199981689453,167.39999389648438,164.97000122070312,167.0,3099400
2021-06-03,152.9231719970703,166.2899932861328,167.33999633789062,164.30999755859375,165.05999755859375,2513400
2021-06-04,152.8955841064453,166.25999450683594,168.0,165.02999877929688,167.07000732421875,2886600
2021-06-07,150.40342712402344,163.5500030517578,165.30999755859375,162.58999633789062,163.5,3223800
2021-06-08,149.64932250976562,162.72999572753906,163.83999633789062,161.0399932861328,162.6999969482422,3513500
2021-06-09,147.6905517578125,160.60000610351562,162.6199951171875,159.3000030517578,162.60000610351562,3284500
2021-06-10,145.9800567626953,158.74000549316406,163.86000061035156,158.60000610351562,162.99000549316406,3710600
2021-06-11,147.7365264892578,160.64999389648438,160.69000244140625,159.10000610351562,159.1999969482422,3826800
2021-06-14,145.95245361328125,158.7100067138672,160.8000030517578,157.1699981689453,160.39999389648438,3372800
2021-06-15,149.0791473388672,162.11000061035156,162.6999969482422,158.72000122070312,159.3800048828125,2789400
2021-06-16,149.1619110107422,162.1999969482422,163.30999755859375,159.7899932861328,161.44000244140625,3140800
2021-06-17,141.2072296142578,153.5500030517578,163.58999633789062,151.42999267578125,163.47000122070312,4308500
2021-06-18,137.9609832763672,150.02000427246094,150.44000244140625,147.52000427246094,149.60000610351562,8383600
2021-06-21,142.4395294189453,154.88999938964844,154.99000549316406,151.22000122070312,151.5500030517578,2875000
2021-06-22,142.4395294189453,154.88999938964844,155.91000366210938,152.85000610351562,154.3000030517578,2363900
2021-06-23,143.80055236816406,156.3699951171875,157.61000061035156,155.0399932861328,155.61000061035156,2032200
2021-06-24,144.90411376953125,157.57000732421875,158.1699981689453,155.39999389648438,157.58999633789062,2077500
2021-06-25,147.12957763671875,159.99000549316406,162.0,159.7899932861328,160.5399932861328,4238200
2021-06-28,143.46031188964844,156.0,160.00999450683594,155.2899932861328,159.41000366210938,2693100
2021-06-29,141.759033203125,154.14999389648438,158.32000732421875,153.82000732421875,157.3699951171875,2151000
2021-06-30,142.25558471679688,154.69000244140625,155.22000122070312,153.6199951171875,153.69000244140625,2631800
2021-07-01,144.51783752441406,157.14999389648438,158.05999755859375,155.1300048828125,155.52999877929688,3354200
2021-07-02,144.74774169921875,157.39999389648438,158.9499969482422,157.14999389648438,157.6999969482422,2247700
2021-07-06,143.00050354003906,155.5,157.3800048828125,154.13999938964844,156.75999450683594,3566700
2021-07-07,142.5774688720703,155.0399932861328,156.7100067138672,153.13999938964844,153.61000061035156,3042300
2021-07-08,140.20486450195312,152.4600067138672,154.8800048828125,149.4499969482422,151.89999389648438,3313700
2021-07-09,147.64456176757812,160.5500030517578,160.9199981689453,155.35000610351562,155.3800048828125,3638900
2021-07-12,151.5989227294922,164.85000610351562,165.44000244140625,158.0800018310547,159.17999267578125,3250200
2021-07-13,149.75050354003906,162.83999633789062,165.3000030517578,162.63999938964844,164.85000610351562,2536700
2021-07-14,146.07199096679688,158.83999633789062,165.0,157.6300048828125,163.07000732421875,4190900
2021-07-15,147.4606475830078,160.35000610351562,160.63999938964844,156.2899932861328,156.66000366210938,3069700
2021-07-16,144.85812377929688,157.52000427246094,161.64999389648438,157.0800018310547,161.64999389648438,1955100
2021-07-19,141.26242065429688,153.61000061035156,154.80999755859375,150.88999938964844,153.4499969482422,3757400
2021-07-20,145.28115844726562,157.97999572753906,159.24000549316406,152.44000244140625,152.9600067138672,3306200
2021-07-21,150.09075927734375,163.2100067138672,164.39999389648438,159.39999389648438,159.61000061035156,2508500
2021-07-22,148.45384216308594,161.42999267578125,163.0800018310547,158.6999969482422,162.1999969482422,2966600
2021-07-23,147.2123260498047,160.0800018310547,164.25,156.58999633789062,157.0,3516300
2021-07-26,149.29066467285156,162.33999633789062,163.0,160.0,160.0500030517578,2055900
2021-07-27,149.47459411621094,162.5399932861328,163.66000366210938,159.13999938964844,159.9499969482422,2168000
2021-07-28,148.4170379638672,161.38999938964844,163.5399932861328,159.8800048828125,163.0399932861328,2314800
2021-07-29,150.73446655273438,163.91000366210938,165.35000610351562,162.91000366210938,163.5,2587900
2021-07-30,148.70213317871094,161.6999969482422,165.08999633789062,160.63999938964844,163.16000366210938,2661400
2021-08-02,147.23074340820312,160.10000610351562,165.91000366210938,158.9199981689453,163.13999938964844,3934600
2021-08-03,148.45384216308594,161.42999267578125,162.05999755859375,155.4600067138672,161.0500030517578,2868200
2021-08-04,148.2331085205078,161.19000244140625,164.1699981689453,159.10000610351562,160.27999877929688,2722800
2021-08-05,150.07237243652344,163.19000244140625,163.9499969482422,162.22000122070312,162.22000122070312,2749500
2021-08-06,153.74105834960938,165.9499969482422,167.50999450683594,164.25999450683594,164.85000610351562,3394500
2021-08-09,153.9818878173828,166.2100067138672,167.14999389648438,163.1300048828125,164.83999633789062,2239500
2021-08-10,158.11376953125,170.6699981689453,171.2899932861328,166.10000610351562,166.2100067138672,3442500
2021-08-11,161.7083282470703,174.5500030517578,174.94000244140625,169.83999633789062,171.0,3880500
2021-08-12,163.9132080078125,176.92999267578125,177.1699981689453,173.41000366210938,174.5,3274300
2021-08-13,164.65432739257812,177.72999572753906,177.9499969482422,175.7899932861328,177.17999267578125,2368300
2021-08-16,164.27450561523438,177.32000732421875,177.72000122070312,175.17999267578125,176.0,2115000
2021-08-17,160.53173828125,173.27999877929688,176.52999877929688,171.42999267578125,175.27000427246094,2791000
2021-08-18,159.3644256591797,172.02000427246094,175.6199951171875,171.27000427246094,172.3300018310547,1759900
2021-08-19,155.7328643798828,168.10000610351562,171.58999633789062,166.9499969482422,169.1199951171875,2478500
2021-08-20,155.84400939941406,168.22000122070312,169.1199951171875,165.4600067138672,168.17999267578125,2595700
2021-08-23,156.89088439941406,169.35000610351562,171.1999969482422,168.97999572753906,169.4199981689453,2019400
2021-08-24,157.53941345214844,170.0500030517578,171.7100067138672,169.4499969482422,169.88999938964844,1668400
2021-08-25,161.1339111328125,173.92999267578125,174.55999755859375,170.22999572753906,170.58999633789062,2184300
2021-08-26,159.0031280517578,171.6300048828125,174.6999969482422,171.30999755859375,174.39999389648438,1867100
2021-08-27,162.86636352539062,175.8000030517578,175.97999572753906,171.64999389648438,172.30999755859375,1747700
2021-08-30,153.03692626953125,165.19000244140625,173.57000732421875,165.11000061035156,172.13999938964844,4300600
2021-08-31,153.75955200195312,165.97000122070312,167.1699981689453,163.25999450683594,165.02999877929688,3791800
2021-09-01,149.78514099121094,161.67999267578125,166.5800018310547,161.22999572753906,165.9600067138672,3342900
2021-09-02,148.2843475341797,160.05999755859375,163.3800048828125,159.52000427246094,162.5,3118100
2021-09-03,145.69036865234375,157.25999450683594,160.3699951171875,156.39999389648438,159.99000549316406,3361200
2021-09-07,145.38461303710938,156.92999267578125,159.67999267578125,156.4600067138672,156.9499969482422,3437100
2021-09-08,143.22605895996094,154.60000610351562,156.49000549316406,152.1300048828125,156.49000549316406,3342600
2021-09-09,144.31924438476562,155.77999877929688,159.17999267578125,154.47999572753906,154.83999633789062,2904600
2021-09-10,144.1154022216797,155.55999755859375,157.82000732421875,155.39999389648438,156.91000366210938,2855400
2021-09-13,147.23744201660156,158.92999267578125,159.42999267578125,156.91000366210938,157.07000732421875,3349600
2021-09-14,143.0314483642578,154.38999938964844,160.1699981689453,153.9499969482422,159.58999633789062,4075000
2021-09-15,147.2189483642578,158.91000366210938,159.10000610351562,154.80999755859375,155.22000122070312,3210800
2021-09-16,148.38623046875,160.1699981689453,161.24000549316406,159.1199951171875,159.60000610351562,2627300
2021-09-17,147.8303680419922,159.57000732421875,161.14999389648438,158.4499969482422,159.10000610351562,4829600
2021-09-20,144.86581420898438,156.3699951171875,157.00999450683594,153.3300018310547,154.08999633789062,3430000
2021-09-21,144.9862518310547,156.5,158.86000061035156,156.32000732421875,158.0,2845900
2021-09-22,147.87669372558594,159.6199951171875,161.02000427246094,158.3699951171875,158.67999267578125,3001400
2021-09-23,153.8058624267578,166.02000427246094,167.14999389648438,161.0,161.64999389648438,2977000
2021-09-24,153.94482421875,166.1699981689453,168.0500030517578,164.9600067138672,165.1300048828125,2695100
2021-09-27,157.2706756591797,169.75999450683594,170.27000427246094,167.30999755859375,167.69000244140625,2611000
2021-09-28,155.06581115722656,167.3800048828125,171.5,167.10000610351562,169.44000244140625,2935900
2021-09-29,154.29685974121094,166.5500030517578,168.6199951171875,165.9199981689453,168.6199951171875,2004500
2021-09-30,150.05381774902344,161.97000122070312,167.8800048828125,161.85000610351562,167.8800048828125,2712000
2021-10-01,154.28762817382812,166.5399932861328,167.83999633789062,161.8699951171875,162.61000061035156,2696400
2021-10-04,153.88922119140625,166.11000061035156,170.27999877929688,165.69000244140625,166.5399932861328,2759000
2021-10-05,156.30722045898438,168.72000122070312,170.69000244140625,166.38999938964844,168.0800018310547,2089100
2021-10-06,155.5197296142578,167.8699951171875,169.02999877929688,164.47000122070312,166.9199981689453,2032000
2021-10-07,155.52902221679688,167.8800048828125,171.42999267578125,167.7100067138672,169.72999572753906,2011100
2021-10-08,156.38131713867188,168.8000030517578,171.27999877929688,167.41000366210938,168.44000244140625,1713200
2021-10-11,153.9540557861328,166.17999267578125,171.77999877929688,166.0500030517578,169.5,1929400
2021-10-12,155.31593322753906,167.64999389648438,168.3300018310547,165.16000366210938,166.22999572753906,1697500
2021-10-13,150.1742706298828,162.10000610351562,167.74000549316406,159.5500030517578,167.57000732421875,3849900
2021-10-14,153.7965850830078,166.00999450683594,166.2899932861328,162.74000549316406,165.14999389648438,2281500
2021-10-15,155.99220275878906,168.3800048828125,170.25,167.25999450683594,168.0,2762800
2021-10-18,156.71485900878906,169.16000366210938,170.66000366210938,167.02999877929688,167.3000030517578,1760600
2021-10-19,157.2985076904297,169.7899932861328,170.44000244140625,167.7899932861328,170.1999969482422,1955000
2021-10-20,160.5039520263672,173.25,173.47000122070312,168.25999450683594,168.9199981689453,2614000
2021-10-21,153.50015258789062,165.69000244140625,174.64999389648438,165.07000732421875,172.47999572753906,3420600
2021-10-22,155.49195861816406,167.83999633789062,169.42999267578125,165.6300048828125,167.0,2943300
2021-10-25,156.27015686035156,168.67999267578125,169.83999633789062,166.22000122070312,168.2100067138672,2368800
2021-10-26,152.72195434570312,164.85000610351562,170.0,164.55999755859375,169.3000030517578,3204000
2021-10-27,141.28050231933594,152.5,161.49000549316406,151.77999877929688,160.13999938964844,7343000
2021-10-28,141.28050231933594,152.5,153.92999267578125,150.47999572753906,152.80999755859375,4440300
2021-10-29,139.91868591308594,151.02999877929688,154.07000732421875,150.22000122070312,152.83999633789062,3863700
2021-11-01,141.75299072265625,153.00999450683594,154.8300018310547,152.2100067138672,152.27000427246094,3181700
2021-11-02,140.7339324951172,151.91000366210938,154.00999450683594,150.8699951171875,153.22000122070312,3788000
2021-11-03,142.57754516601562,153.89999389648438,155.35000610351562,150.66000366210938,151.0,3334100
2021-11-04,142.169921875,153.4600067138672,155.49000549316406,152.3000030517578,153.0,2462500
2021-11-05,143.47616577148438,154.8699951171875,157.58999633789062,154.25,155.58999633789062,2389600
2021-11-08,144.07833862304688,155.52000427246094,157.75999450683594,154.7899932861328,156.47999572753906,2279200
2021-11-09,143.98568725585938,155.4199981689453,156.11000061035156,153.1999969482422,154.55999755859375,2154400
2021-11-10,144.78245544433594,156.27999877929688,158.47000122070312,155.47999572753906,155.47999572753906,2274600
2021-11-11,145.58839416503906,157.14999389648438,158.66000366210938,155.91000366210938,156.27999877929688,1822700
2021-11-12,145.8209686279297,156.8000030517578,157.3300018310547,155.02999877929688,156.8300018310547,2143700
2021-11-15,145.41172790527344,156.36000061035156,158.42999267578125,155.83999633789062,156.8000030517578,1772000
2021-11-16,143.04959106445312,153.82000732421875,156.5,152.75,156.5,2678300
2021-11-17,141.31056213378906,151.9499969482422,155.0,151.8699951171875,153.6999969482422,3107900
2021-11-18,142.27772521972656,152.99000549316406,153.94000244140625,150.47000122070312,152.07000732421875,2485400
2021-11-19,140.72463989257812,151.32000732421875,152.5500030517578,148.52000427246094,150.5,2754900
2021-11-22,142.48231506347656,153.2100067138672,154.64999389648438,150.97000122070312,153.3699951171875,2681000
2021-11-23,145.34661865234375,156.2899932861328,156.74000549316406,153.2100067138672,154.0,2596000
2021-11-24,144.94676208496094,155.86000061035156,157.9600067138672,155.05999755859375,155.1300048828125,2308700
2021-11-26,138.7158660888672,149.16000366210938,150.5399932861328,144.3699951171875,150.5399932861328,3081400
2021-11-29,136.72572326660156,147.02000427246094,151.72999572753906,145.6999969482422,151.24000549316406,4261600
2021-11-30,130.6901397705078,140.52999877929688,146.0,140.17999267578125,145.14999389648438,6024200
2021-12-01,128.68138122558594,138.3699951171875,145.47000122070312,138.35000610351562,144.5,3540600
2021-12-02,133.32200622558594,143.36000061035156,145.1699981689453,139.0,139.7100067138672,3028400
2021-12-03,131.96424865722656,141.89999389648438,143.75,140.67999267578125,143.02000427246094,2772900
2021-12-06,135.72134399414062,145.94000244140625,147.85000610351562,143.92999267578125,144.97999572753906,2928700
2021-12-07,138.17648315429688,148.5800018310547,151.11000061035156,147.27999877929688,147.97000122070312,2840800
2021-12-08,138.39036560058594,148.80999755859375,150.0500030517578,148.00999450683594,148.88999938964844,2513300
2021-12-09,138.7251739501953,149.1699981689453,150.7100067138672,147.05999755859375,148.24000549316406,2311500
2021-12-10,139.8783416748047,150.41000366210938,151.4499969482422,148.5,150.52000427246094,2415300
2021-12-13,135.81430053710938,146.0399932861328,149.47000122070312,145.57000732421875,149.25999450683594,2608000
2021-12-14,137.56271362304688,147.9199981689453,149.52999877929688,145.50999450683594,146.6199951171875,2213900
2021-12-15,137.06980895996094,147.38999938964844,148.66000366210938,144.0,148.35000610351562,2702700
2021-12-16,137.65570068359375,148.02000427246094,150.24000549316406,147.35000610351562,149.72999572753906,3341700
2021-12-17,133.9915771484375,144.0800018310547,147.35000610351562,142.63999938964844,147.35000610351562,9081100
2021-12-20,128.6627960205078,138.35000610351562,141.1999969482422,136.52000427246094,140.38999938964844,3246500
2021-12-21,133.4614715576172,143.50999450683594,143.75,140.11000061035156,140.3699951171875,2509900
2021-12-22,133.66607666015625,143.72999572753906,144.52999877929688,142.1300048828125,142.97000122070312,1669400
2021-12-23,134.94015502929688,145.10000610351562,146.72000122070312,144.99000549316406,145.25999450683594,1720300
2021-12-27,135.67483520507812,145.88999938964844,146.08999633789062,143.58999633789062,145.4600067138672,1291800
2021-12-28,135.963134765625,146.1999969482422,147.8800048828125,144.5500030517578,144.77999877929688,1025700
2021-12-29,135.39584350585938,145.58999633789062,146.72999572753906,145.2100067138672,146.1999969482422,1331900
2021-12-30,135.30288696289062,145.49000549316406,147.3000030517578,145.33999633789062,145.75,1213400
2021-12-31,134.93081665039062,145.08999633789062,146.72999572753906,144.97999572753906,145.1999969482422,1356300
2022-01-03,137.95327758789062,148.33999633789062,149.35000610351562,145.94000244140625,146.0800018310547,2381600
2022-01-04,140.5665740966797,151.14999389648438,152.36000061035156,149.75999450683594,150.42999267578125,3478800
2022-01-05,137.87887573242188,148.25999450683594,153.0,148.19000244140625,152.22999572753906,2105900
2022-01-06,140.17593383789062,150.72999572753906,151.2899932861328,146.1999969482422,149.07000732421875,2622200
2022-01-07,143.85865783691406,154.69000244140625,155.6300048828125,149.99000549316406,150.6300048828125,3286300
2022-01-10,146.14639282226562,157.14999389648438,157.86000061035156,154.10000610351562,156.7899932861328,3876900
2022-01-11,147.4111785888672,158.50999450683594,158.86000061035156,155.91000366210938,157.52999877929688,2178100
2022-01-12,147.67160034179688,158.7899932861328,161.02999877929688,158.4600067138672,159.52999877929688,2133200
2022-01-13,150.07095336914062,161.3699951171875,162.3000030517578,159.55999755859375,160.1699981689453,2407300
2022-01-14,149.31768798828125,160.55999755859375,160.6300048828125,154.52000427246094,156.94000244140625,3633100
2022-01-18,146.08132934570312,157.0800018310547,162.39999389648438,155.8000030517578,160.6199951171875,2393700
2022-01-19,140.9943084716797,151.61000061035156,158.10000610351562,151.57000732421875,157.4499969482422,2019100
2022-01-20,139.74818420410156,150.27000427246094,154.5399932861328,149.8300018310547,151.69000244140625,1962700
2022-01-21,136.2607421875,146.52000427246094,149.4499969482422,145.32000732421875,149.4499969482422,2727100
2022-01-24,137.9160919189453,148.3000030517578,148.64999389648438,140.67999267578125,143.24000549316406,3963500
2022-01-25,141.50582885742188,152.16000366210938,154.50999450683594,144.58999633789062,146.72999572753906,5634300
2022-01-26,134.754150390625,144.89999389648438,149.9499969482422,142.1300048828125,143.9499969482422,7626600
2022-01-27,131.75962829589844,141.67999267578125,148.60000610351562,140.82000732421875,146.82000732421875,4048700
2022-01-28,132.63380432128906,142.6199951171875,142.72000122070312,138.60000610351562,140.80999755859375,3599400
2022-01-31,136.45599365234375,146.72999572753906,147.00999450683594,140.41000366210938,141.33999633789062,3789000
2022-02-01,139.95274353027344,150.49000549316406,150.86000061035156,145.97999572753906,147.0,3063900
2022-02-02,139.1436767578125,149.6199951171875,150.5399932861328,146.92999267578125,149.47999572753906,2446600
2022-02-03,137.9067840576172,148.2899932861328,151.11000061035156,147.89999389648438,148.91000366210938,1978000
2022-02-04,139.8225860595703,150.35000610351562,151.8800048828125,148.57000732421875,149.0,2201200
2022-02-07,141.51512145996094,152.1699981689453,153.47999572753906,150.32000732421875,150.9600067138672,2300400
2022-02-08,145.05833435058594,155.97999572753906,156.30999755859375,152.63999938964844,153.5,3376300
2022-02-09,147.7180633544922,158.83999633789062,159.9199981689453,156.77999877929688,156.94000244140625,2173400
2022-02-10,146.48123168945312,157.50999450683594,160.5,156.77999877929688,158.36000061035156,2865400
2022-02-11,145.63168334960938,156.0,160.3800048828125,154.72999572753906,156.19000244140625,3041600
2022-02-14,144.82882690429688,155.13999938964844,158.08999633789062,154.35000610351562,156.60000610351562,2598300
2022-02-15,148.32960510253906,158.88999938964844,159.6300048828125,156.3699951171875,156.99000549316406,2090200
2022-02-16,148.3015899658203,158.86000061035156,160.5399932861328,157.08999633789062,157.4600067138672,1761800
2022-02-17,144.1006622314453,154.36000061035156,157.82000732421875,153.10000610351562,157.08999633789062,2201500
2022-02-18,143.72731018066406,153.9600067138672,157.27999877929688,153.3000030517578,153.75999450683594,3158300
2022-02-22,142.7657012939453,152.92999267578125,155.08999633789062,151.17999267578125,153.52000427246094,2095700
2022-02-23,139.5356903076172,149.47000122070312,154.64999389648438,148.8000030517578,153.8300018310547,2942800
2022-02-24,137.94871520996094,147.77000427246094,148.13999938964844,141.02999877929688,143.00999450683594,3693300
2022-02-25,143.38189697265625,153.58999633789062,154.3300018310547,148.52999877929688,148.82000732421875,2019500
2022-02-28,143.08311462402344,153.27000427246094,153.50999450683594,147.88999938964844,148.97999572753906,3408000
2022-03-01,131.32989501953125,140.67999267578125,152.49000549316406,140.14999389648438,152.3800048828125,4335700
2022-03-02,131.8153533935547,141.1999969482422,143.83999633789062,139.11000061035156,141.9499969482422,3700800
2022-03-03,129.31346130371094,138.52000427246094,142.66000366210938,136.00999450683594,142.1199951171875,3837300
2022-03-04,125.20589447021484,134.1199951171875,135.1699981689453,131.02000427246094,135.00999450683594,3864500
2022-03-07,116.5053482055664,124.80000305175781,132.80999755859375,124.69999694824219,132.49000549316406,4877900
2022-03-08,117.70028686523438,126.08000183105469,130.75,122.43000030517578,125.93000030517578,3683400
2022-03-09,123.14281463623047,131.91000366210938,135.00999450683594,130.97999572753906,132.17999267578125,3061600
2022-03-10,121.60247039794922,130.25999450683594,132.10000610351562,127.08000183105469,129.0,3328500
2022-03-11,121.44377899169922,130.08999633789062,133.11000061035156,129.6699981689453,131.4600067138672,2514500
2022-03-14,124.78585052490234,133.6699981689453,136.3800048828125,132.39999389648438,132.9499969482422,3001400
2022-03-15,125.34596252441406,134.27000427246094,136.7899932861328,132.85000610351562,133.72999572753906,2853300
2022-03-16,128.67868041992188,137.83999633789062,141.1999969482422,134.72999572753906,136.99000549316406,3376800
2022-03-17,128.40794372558594,137.5500030517578,137.55999755859375,131.16000366210938,132.07000732421875,3154000
2022-03-18,129.02407836914062,138.2100067138672,138.52000427246094,134.02999877929688,134.02999877929688,6579300
2022-03-21,125.50465393066406,134.44000244140625,138.88999938964844,133.25999450683594,138.1999969482422,4071300
2022-03-22,128.9867401123047,138.1699981689453,140.6999969482422,135.91000366210938,136.36000061035156,2964500
2022-03-23,125.08454895019531,133.99000549316406,137.94000244140625,132.8800048828125,136.77000427246094,1994700
2022-03-24,126.09278869628906,135.07000732421875,135.6999969482422,133.27999877929688,135.2100067138672,1883800
2022-03-25,126.84893798828125,135.8800048828125,136.85000610351562,134.66000366210938,136.08999633789062,2240600
2022-03-28,124.39374542236328,133.25,134.9499969482422,131.1199951171875,134.9499969482422,2747600
2022-03-29,126.67160034179688,135.69000244140625,137.86000061035156,135.02000427246094,136.2899932861328,2236600
2022-03-30,125.53267669677734,134.47000122070312,137.32000732421875,133.55999755859375,135.6999969482422,2795600
2022-03-31,122.5639877319336,131.2899932861328,136.13999938964844,131.2899932861328,133.9199981689453,3273000
2022-04-01,122.19058227539062,130.88999938964844,134.0500030517578,130.05999755859375,133.02000427246094,2829600
2022-04-04,122.91874694824219,131.6699981689453,132.8699951171875,129.22999572753906,130.97000122070312,2230200
2022-04-05,121.75184631347656,130.4199981689453,132.35000610351562,130.07000732421875,130.94000244140625,2333500
2022-04-06,120.6875991821289,129.27999877929688,131.0399932861328,128.6699981689453,130.22000122070312,3611400
2022-04-07,120.71561431884766,129.30999755859375,132.74000549316406,126.83000183105469,130.0399932861328,4729800
2022-04-08,123.00275421142578,131.75999450683594,132.63999938964844,129.67999267578125,130.41000366210938,2597200
2022-04-11,122.50801086425781,131.22999572753906,133.9499969482422,130.94000244140625,131.9499969482422,1858000
2022-04-12,123.4415283203125,132.22999572753906,135.0,130.6300048828125,130.91000366210938,2026100
2022-04-13,123.80560302734375,132.6199951171875,132.97000122070312,130.30999755859375,130.47999572753906,1704100
2022-04-14,123.77760314941406,132.58999633789062,134.4600067138672,132.17999267578125,132.72999572753906,2289100
2022-04-18,128.80935668945312,137.97999572753906,139.1300048828125,132.0,132.22999572753906,2731300
2022-04-19,132.17942810058594,141.58999633789062,142.35000610351562,138.08999633789062,138.08999633789062,3119200
2022-04-20,132.4221649169922,141.85000610351562,144.24000549316406,141.0500030517578,142.72999572753906,2035700
2022-04-21,130.6764373779297,139.97999572753906,144.72999572753906,139.6300048828125,143.1300048828125,1925300
2022-04-22,126.28881072998047,135.27999877929688,139.5,135.07000732421875,139.22000122070312,2458600
2022-04-25,127.39039611816406,136.4600067138672,136.85000610351562,131.25,133.9199981689453,2573800
2022-04-26,123.4415283203125,132.22999572753906,136.2899932861328,132.13999938964844,133.6300048828125,2764100
2022-04-27,116.08525848388672,124.3499984741211,126.55999755859375,119.87999725341797,120.9800033569336,5465100
2022-04-28,120.78095245361328,129.3800048828125,130.50999450683594,125.12999725341797,125.7699966430664,3265200
2022-04-29,116.33731842041016,124.62000274658203,131.0,124.36000061035156,128.85000610351562,2806300
2022-05-02,118.22306060791016,126.63999938964844,126.8499984741211,123.75,125.54000091552734,2266200
2022-05-03,120.09944915771484,128.64999389648438,130.2899932861328,126.2699966430664,127.51000213623047,2096000
2022-05-04,125.37397766113281,134.3000030517578,134.4600067138672,128.22000122070312,128.72000122070312,2266500
2022-05-05,121.66781616210938,130.3300018310547,133.41000366210938,129.02000427246094,132.0,2605000
2022-05-06,118.59646606445312,127.04000091552734,130.2899932861328,125.69000244140625,129.85000610351562,2434200
2022-05-09,115.03036499023438,123.22000122070312,126.45999908447266,122.31999969482422,124.77999877929688,2852100
2022-05-10,112.98591613769531,121.02999877929688,124.98999786376953,117.48999786376953,123.87000274658203,2981800
2022-05-11,111.6416244506836,119.58999633789062,124.58999633789062,119.4000015258789,121.26000213623047,2785600
2022-05-12,106.56319427490234,114.1500015258789,117.87999725341797,111.58000183105469,116.0,3952000
2022-05-13,109.29412841796875,116.45999908447266,118.37000274658203,115.26000213623047,115.66999816894531,3067700
2022-05-16,106.95735931396484,113.97000122070312,116.83000183105469,112.68000030517578,115.83000183105469,2427400
2022-05-17,113.00111389160156,120.41000366210938,120.9800033569336,116.91000366210938,117.80999755859375,2943500
2022-05-18,107.35150146484375,114.38999938964844,118.8499984741211,114.02999877929688,118.12000274658203,2942400
2022-05-19,106.35673522949219,113.33000183105469,114.94999694824219,112.2300033569336,112.45999908447266,2508800
2022-05-20,106.7039566040039,113.69999694824219,115.79000091552734,110.29000091552734,115.0999984741211,2586600
2022-05-23,111.49016571044922,118.80000305175781,119.91999816894531,115.95999908447266,116.56999969482422,2243500
2022-05-24,109.641357421875,116.83000183105469,118.04000091552734,113.75,117.19000244140625,2568500
2022-05-25,112.82279968261719,120.22000122070312,121.11000061035156,115.93000030517578,116.36000061035156,1973900
2022-05-26,116.75498962402344,124.41000366210938,125.27999877929688,121.5,121.95999908447266,1898200
2022-05-27,118.67882537841797,126.45999908447266,126.45999908447266,124.41999816894531,124.48999786376953,1890700
2022-05-31,119.9926986694336,127.86000061035156,128.9499969482422,124.70999908447266,124.95999908447266,3758000
2022-06-01,117.27113342285156,124.95999908447266,128.52999877929688,123.43000030517578,127.76000213623047,2400400
2022-06-02,118.59436798095703,126.37000274658203,126.98999786376953,123.79000091552734,125.7300033569336,2070400
2022-06-03,116.4171142578125,124.05000305175781,125.73999786376953,123.58000183105469,124.87999725341797,1908600
2022-06-06,117.94683837890625,125.68000030517578,127.36000061035156,123.48999786376953,125.26000213623047,1758100
2022-06-07,120.33992767333984,128.22999572753906,128.61000061035156,124.16999816894531,124.4800033569336,1914500
2022-06-08,117.46820831298828,125.16999816894531,127.94999694824219,124.33000183105469,126.5999984741211,2043400
2022-06-09,111.9969253540039,119.33999633789062,125.05000305175781,119.23999786376953,124.87000274658203,2844100
2022-06-10,105.65288543701172,112.58000183105469,117.19000244140625,111.44000244140625,115.83999633789062,3779300
2022-06-13,100.42561340332031,107.01000213623047,110.91000366210938,106.27999877929688,109.01000213623047,4449700
2022-06-14,100.0220718383789,106.58000183105469,108.55000305175781,105.54000091552734,108.11000061035156,2054200
2022-06-15,101.51422119140625,108.16999816894531,109.58000183105469,105.69999694824219,108.70999908447266,3081600
2022-06-16,95.82708740234375,102.11000061035156,104.94000244140625,98.54000091552734,104.83000183105469,4951500
2022-06-17,100.66022491455078,107.26000213623047,108.23999786376953,103.0199966430664,104.26000213623047,10006800
2022-06-21,99.9094467163086,106.45999908447266,111.30999755859375,105.37000274658203,110.69000244140625,2917500
2022-06-22,99.1305160522461,105.62999725341797,106.75,104.31999969482422,104.69999694824219,2311200
2022-06-23,97.79788208007812,104.20999908447266,105.66000366210938,102.37000274658203,105.33000183105469,2486300
2022-06-24,103.31608581542969,110.08999633789062,111.69999694824219,105.30999755859375,105.43000030517578,4053700
2022-06-27,102.85624694824219,109.5999984741211,111.25,109.0,111.25,2187400
2022-06-28,101.84268951416016,108.5199966430664,113.37000274658203,108.19000244140625,111.58000183105469,1692700
2022-06-29,99.11174011230469,105.61000061035156,108.0199966430664,105.3499984741211,107.9000015258789,2438900
2022-06-30,97.77912139892578,104.19000244140625,106.04000091552734,101.56999969482422,103.0,2177900
2022-07-01,100.2472915649414,106.81999969482422,107.52999877929688,103.72000122070312,103.7300033569336,1536800
2022-07-05,100.0971450805664,106.66000366210938,106.69000244140625,102.48999786376953,103.68000030517578,1890100
2022-07-06,99.51528930664062,106.04000091552734,107.68000030517578,104.95999908447266,106.26000213623047,1576400
2022-07-07,102.14300537109375,108.83999633789062,109.5,106.87999725341797,108.05000305175781,2517100
2022-07-08,101.92715454101562,108.61000061035156,110.41000366210938,107.38999938964844,109.5,1879300
2022-07-11,100.57575225830078,107.16999816894531,108.91000366210938,106.86000061035156,107.37000274658203,1784200
2022-07-12,100.45375061035156,107.04000091552734,109.12000274658203,103.75,104.0,2510200
2022-07-13,99.03666687011719,105.52999877929688,106.27999877929688,102.80000305175781,104.94999694824219,2064600
2022-07-14,97.08462524414062,103.44999694824219,104.45999908447266,101.9800033569336,102.68000030517578,2788500
2022-07-15,101.49545288085938,108.1500015258789,108.9800033569336,104.37999725341797,106.5199966430664,4156600
2022-07-18,103.69147491455078,110.48999786376953,113.25,109.70999908447266,110.44999694824219,3418600
2022-07-19,106.06578826904297,113.0199966430664,113.77999877929688,110.12000274658203,110.43000030517578,2490500
2022-07-20,107.69874572753906,114.76000213623047,114.94000244140625,112.44999694824219,112.55000305175781,2092300
2022-07-21,107.23888397216797,114.2699966430664,114.58000183105469,111.45999908447266,113.19999694824219,3507800
2022-07-22,102.22746276855469,108.93000030517578,111.87999725341797,107.52999877929688,109.38999938964844,4201500
2022-07-25,104.1043930053711,110.93000030517578,111.75,107.87000274658203,109.69999694824219,2435900
2022-07-26,99.81558990478516,106.36000061035156,110.41000366210938,106.33999633789062,109.5,2372000
2022-07-27,102.23684692382812,108.94000244140625,109.55000305175781,106.44999694824219,107.54000091552734,2613300
2022-07-28,101.08253479003906,107.70999908447266,109.33999633789062,105.05000305175781,108.77999877929688,3337100
2022-07-29,103.07207489013672,109.83000183105469,110.08999633789062,107.5999984741211,107.93000030517578,2366100
2022-08-01,102.97824096679688,109.7300033569336,110.0199966430664,106.04000091552734,108.41999816894531,1898000
2022-08-02,100.35990905761719,106.94000244140625,109.05999755859375,106.8499984741211,108.83999633789062,2209400
2022-08-03,102.3494644165039,109.05999755859375,109.52999877929688,107.68000030517578,108.41000366210938,1553700
2022-08-04,100.31298065185547,106.88999938964844,107.97000122070312,106.11000061035156,107.45999908447266,3323200
2022-08-05,100.35074615478516,106.33000183105469,107.05999755859375,105.06999969482422,105.41999816894531,2455500
2022-08-08,101.7569580078125,107.81999969482422,109.58000183105469,106.95999908447266,107.0,2890700
2022-08-09,100.39791870117188,106.37999725341797,108.0199966430664,105.5999984741211,107.93000030517578,1816500
2022-08-10,106.40027618408203,112.73999786376953,113.41999816894531,108.5,109.08000183105469,3480200
2022-08-11,108.78801727294922,115.2699966430664,116.55000305175781,114.33000183105469,114.9800033569336,2615100
2022-08-12,109.23157501220703,115.73999786376953,116.33999633789062,114.55999755859375,116.33999633789062,1594600
2022-08-15,107.2685546875,113.66000366210938,114.19000244140625,112.12000274658203,113.06999969482422,2328200
2022-08-16,108.96733093261719,115.45999908447266,115.94000244140625,112.68000030517578,113.51000213623047,2191600
2022-08-17,107.22135925292969,113.61000061035156,114.25,112.02999877929688,113.1500015258789,1962600
2022-08-18,107.44784545898438,113.8499984741211,114.2699966430664,112.80999755859375,113.79000091552734,1699300
2022-08-19,105.90008544921875,112.20999908447266,113.11000061035156,111.83000183105469,112.75,2157200
2022-08-22,102.87059020996094,109.0,109.94999694824219,107.88999938964844,109.83999633789062,2271500
2022-08-23,103.63504791259766,109.80999755859375,111.33000183105469,109.18000030517578,109.72000122070312,1809700
2022-08-24,104.15412902832031,110.36000061035156,111.20999908447266,108.83999633789062,109.8499984741211,1662700
2022-08-25,107.2685546875,113.66000366210938,113.68000030517578,110.56999969482422,111.19000244140625,1565500
2022-08-26,103.64448547363281,109.81999969482422,114.41000366210938,109.68000030517578,114.0,2212200
2022-08-29,101.17180633544922,107.19999694824219,108.93000030517578,106.61000061035156,108.8499984741211,2329600
2022-08-30,100.82263946533203,106.83000183105469,108.02999877929688,105.98999786376953,107.97000122070312,1542600
2022-08-31,99.86941528320312,105.81999969482422,107.93000030517578,105.66999816894531,107.36000061035156,2845900
2022-09-01,98.91620635986328,104.80999755859375,105.45999908447266,102.26000213623047,105.30999755859375,2016600
2022-09-02,98.35938262939453,104.22000122070312,107.45999908447266,103.6500015258789,106.72000122070312,1863600
2022-09-06,96.4246597290039,102.16999816894531,104.93000030517578,101.12000274658203,104.63999938964844,2253700
2022-09-07,98.99171447753906,104.88999938964844,105.19999694824219,101.69000244140625,101.69000244140625,2402700
2022-09-08,100.45455932617188,106.44000244140625,106.55999755859375,102.37000274658203,103.8499984741211,2182200
2022-09-09,102.22883605957031,108.31999969482422,108.94999694824219,106.97000122070312,107.48999786376953,1725800
2022-09-12,103.61617279052734,109.79000091552734,111.37000274658203,109.1500015258789,109.68000030517578,2208600
2022-09-13,95.35820007324219,101.04000091552734,106.33000183105469,100.83999633789062,105.93000030517578,3118600
2022-09-14,94.99015045166016,100.6500015258789,101.62000274658203,98.52999877929688,101.54000091552734,3350100
2022-09-15,96.99091339111328,102.7699966430664,104.79000091552734,100.86000061035156,100.94000244140625,3272100
2022-09-16,95.96221923828125,101.68000030517578,102.20999908447266,99.41999816894531,101.55999755859375,5629200
2022-09-19,96.71724700927734,102.4800033569336,102.8499984741211,99.79000091552734,100.08999633789062,1949800
2022-09-20,95.6696548461914,101.37000274658203,101.5999984741211,99.56999969482422,101.0,2833800
2022-09-21,93.89537048339844,99.48999786376953,103.4000015258789,99.4000015258789,102.05000305175781,3386200
2022-09-22,90.10142517089844,95.47000122070312,99.95999908447266,95.3499984741211,99.62000274658203,2446400
2022-09-23,88.50645446777344,93.77999877929688,95.0,92.19000244140625,93.73999786376953,2544300
2022-09-26,86.1659164428711,91.30000305175781,94.6500015258789,90.8499984741211,92.94999694824219,2547800
2022-09-27,86.25086975097656,91.38999938964844,93.44999694824219,90.2699966430664,92.98999786376953,2736000
2022-09-28,89.69562530517578,95.04000091552734,95.66000366210938,91.41999816894531,92.06999969482422,3483600
2022-09-29,88.41209411621094,93.68000030517578,94.47000122070312,91.94000244140625,93.33999633789062,2463100
2022-09-30,86.98700714111328,92.16999816894531,94.61000061035156,92.0199966430664,93.79000091552734,2396500
2022-10-03,90.19580841064453,95.56999969482422,95.94000244140625,91.95999908447266,94.0999984741211,2158100
2022-10-04,94.25399017333984,99.87000274658203,99.97000122070312,97.4000015258789,97.7300033569336,3165800
2022-10-05,93.37630462646484,98.94000244140625,99.43000030517578,96.86000061035156,97.44000244140625,2515000
2022-10-06,91.29058074951172,96.7300033569336,98.45999908447266,96.12999725341797,97.72000122070312,2302100
2022-10-07,88.59142303466797,93.87000274658203,95.8499984741211,93.31999969482422,95.29000091552734,2958100
2022-10-10,87.81752014160156,93.05000305175781,95.12000274658203,92.69000244140625,94.55000305175781,1717600
2022-10-11,88.48759460449219,93.76000213623047,95.79000091552734,92.19000244140625,92.33999633789062,2486800
2022-10-12,88.23277282714844,93.48999786376953,94.81999969482422,92.9800033569336,93.87000274658203,1860000
2022-10-13,92.31927490234375,97.81999969482422,98.25,90.70999908447266,92.75,2806700
2022-10-14,90.02593231201172,95.38999938964844,99.58999633789062,95.2699966430664,98.91999816894531,2866300
2022-10-17,91.98896789550781,97.47000122070312,98.8499984741211,96.38999938964844,98.23999786376953,1878500
2022-10-18,93.98976135253906,99.58999633789062,100.41000366210938,98.05000305175781,100.0,2309400
2022-10-19,89.87493133544922,95.2300033569336,97.87000274658203,94.58000183105469,96.66999816894531,2931100
2022-10-20,89.63899230957031,94.9800033569336,97.70999908447266,94.33000183105469,95.19999694824219,3534900
2022-10-21,90.83758544921875,96.25,96.25,92.94000244140625,94.62000274658203,3593600
2022-10-24,92.07390594482422,97.55999755859375,98.5,96.43000030517578,97.56999969482422,2836900
2022-10-25,95.86785125732422,101.58000183105469,102.3499984741211,97.22000122070312,97.22000122070312,2769300
2022-10-26,96.18873596191406,101.91999816894531,103.55999755859375,101.6500015258789,101.69999694824219,2191900
2022-10-27,96.38691711425781,102.12999725341797,104.02999877929688,101.52999877929688,103.13999938964844,3468900
2022-10-28,101.07745361328125,107.0999984741211,107.41999816894531,98.51000213623047,99.0,4403200
2022-10-31,100.05816650390625,106.0199966430664,107.08999633789062,105.05000305175781,106.06999969482422,2886900
2022-11-01,100.8037338256836,106.80999755859375,108.33000183105469,106.0,107.48999786376953,1907500
2022-11-02,97.40617370605469,103.20999908447266,107.66000366210938,102.9800033569336,106.33000183105469,2617900
2022-11-03,93.2630615234375,98.81999969482422,101.0999984741211,98.3499984741211,100.95999908447266,2622500
2022-11-04,96.76441955566406,102.52999877929688,102.72000122070312,100.19000244140625,100.70999908447266,2301300
2022-11-07,98.85015106201172,104.73999786376953,104.79000091552734,101.83999633789062,103.73999786376953,2452400
2022-11-08,99.60516357421875,105.54000091552734,106.41000366210938,103.9800033569336,104.73999786376953,1801800
2022-11-09,95.76403045654297,101.47000122070312,104.31999969482422,101.38999938964844,104.31999969482422,1751500
2022-11-10,107.67875671386719,113.41999816894531,114.12000274658203,106.55000305175781,106.55000305175781,3765000
2022-11-11,110.36551666259766,116.25,118.4000015258789,114.26000213623047,114.83000183105469,4476200
2022-11-14,105.92240905761719,111.56999969482422,115.52999877929688,111.44000244140625,114.4000015258789,3096900
2022-11-15,98.31787109375,103.55999755859375,110.13999938964844,103.33999633789062,109.51000213623047,5862100
2022-11-16,96.60897827148438,101.76000213623047,104.2300033569336,100.16000366210938,103.95999908447266,3455600
2022-11-17,94.40642547607422,99.44000244140625,100.01000213623047,97.55000305175781,99.68000030517578,2923900
2022-11-18,93.95072174072266,98.95999908447266,101.58999633789062,98.22000122070312,101.13999938964844,2773300
2022-11-21,96.1817626953125,101.30999755859375,101.41000366210938,98.05000305175781,98.19000244140625,2227200
2022-11-22,96.40961456298828,101.55000305175781,103.52999877929688,101.05000305175781,102.08999633789062,1946700
2022-11-23,96.48555755615234,101.62999725341797,102.0,100.1500015258789,101.08999633789062,1284400
2022-11-25,96.57099914550781,101.72000122070312,101.94999694824219,100.9000015258789,101.13999938964844,589200
2022-11-28,94.53931427001953,99.58000183105469,101.2699966430664,99.12999725341797,100.12000274658203,1628100
2022-11-29,96.91278076171875,102.08000183105469,102.16000366210938,99.27999877929688,99.80999755859375,1490000
2022-11-30,98.01407623291016,103.23999786376953,103.37000274658203,98.5,102.1500015258789,3160300
2022-12-01,94.2925033569336,99.31999969482422,102.06999969482422,98.45999908447266,100.02999877929688,2353100
2022-12-02,92.7449951171875,97.69000244140625,100.25,97.5,98.1500015258789,2915600
2022-12-05,90.21013641357422,95.0199966430664,96.88999938964844,94.08999633789062,96.33000183105469,3462400
2022-12-06,89.270263671875,94.02999877929688,96.72000122070312,92.76000213623047,95.0999984741211,3408800
2022-12-07,88.5107650756836,93.2300033569336,94.97000122070312,92.7300033569336,93.44999694824219,2913900
2022-12-08,88.84306335449219,93.58000183105469,94.48999786376953,92.5,93.79000091552734,2786000
2022-12-09,89.63105010986328,94.41000366210938,95.41000366210938,93.0999984741211,93.0999984741211,1992800
2022-12-12,92.58360290527344,97.5199966430664,98.11000061035156,94.23999786376953,94.93000030517578,2809800
2022-12-13,93.85577392578125,98.86000061035156,103.22000122070312,97.86000061035156,101.30999755859375,3411800
2022-12-14,91.7101821899414,96.5999984741211,99.30000305175781,95.18000030517578,98.23999786376953,3348200
2022-12-15,89.09937286376953,93.8499984741211,95.48999786376953,92.30000305175781,94.9800033569336,3385000
2022-12-16,85.53919982910156,90.0999984741211,92.79000091552734,89.22000122070312,91.75,6729200
2022-12-19,83.42208862304688,87.87000274658203,90.4800033569336,86.9800033569336,89.83000183105469,5174600
2022-12-20,83.9157485961914,88.38999938964844,88.94999694824219,87.30999755859375,87.7699966430664,4167900
2022-12-21,85.1784439086914,89.72000122070312,90.3499984741211,88.91999816894531,89.33000183105469,4594900
2022-12-22,84.96007537841797,89.48999786376953,89.5,87.22000122070312,88.44999694824219,4602100
2022-12-23,86.0993423461914,90.69000244140625,90.76000213623047,89.11000061035156,89.80999755859375,1902600
2022-12-27,86.15630340576172,90.75,91.44000244140625,89.91000366210938,90.83000183105469,1801500
2022-12-28,85.1594467163086,89.69999694824219,91.94000244140625,89.54000091552734,91.06999969482422,2231900
2022-12-29,87.9791030883789,92.66999816894531,92.80999755859375,89.93000030517578,90.12000274658203,1740600
2022-12-30,88.25442504882812,92.95999908447266,93.06999969482422,91.23999786376953,91.51000213623047,2065500
2023-01-03,88.26393127441406,92.97000122070312,95.5999984741211,92.41000366210938,92.66000366210938,2619400
2023-01-04,90.95068359375,95.80000305175781,97.9800033569336,94.2300033569336,94.55999755859375,3177500
2023-01-05,89.22279357910156,93.9800033569336,94.36000061035156,91.52999877929688,92.5,3406400
2023-01-06,92.15637969970703,97.06999969482422,97.76000213623047,94.20999908447266,94.31999969482422,3668600
2023-01-09,92.51713562011719,97.44999694824219,99.43000030517578,96.58000183105469,97.83999633789062,4384000
2023-01-10,93.51399230957031,98.5,98.52999877929688,95.3499984741211,96.5999984741211,3196000
2023-01-11,96.637451171875,101.79000091552734,102.68000030517578,98.81999969482422,99.2300033569336,4095000
2023-01-12,95.90643310546875,101.0199966430664,102.83000183105469,99.68000030517578,102.62000274658203,2581700
2023-01-13,97.643798828125,102.8499984741211,103.36000061035156,98.62999725341797,99.41000366210938,3229300
2023-01-17,98.38430786132812,103.62999725341797,104.33999633789062,102.37000274658203,103.0,3493400
2023-01-18,96.74188995361328,101.9000015258789,104.63999938964844,101.8499984741211,103.3499984741211,2670900
2023-01-19,92.95387268066406,97.91000366210938,98.56999969482422,94.01000213623047,97.30999755859375,5115500
2023-01-20,98.906494140625,104.18000030517578,104.33999633789062,98.87999725341797,99.05000305175781,4136700
2023-01-23,101.6976547241211,107.12000274658203,107.3499984741211,103.80000305175781,104.29000091552734,3567400
2023-01-24,101.11853790283203,106.51000213623047,108.88999938964844,105.76000213623047,105.76000213623047,3621400
2023-01-25,110.2136001586914,116.08999633789062,116.68000030517578,103.11000061035156,104.94000244140625,10490300
2023-01-26,110.19461059570312,116.06999969482422,117.83000183105469,114.52999877929688,116.5,4884000
2023-01-27,111.62818908691406,117.58000183105469,119.44000244140625,116.45999908447266,117.31999969482422,3612200
2023-01-30,109.17879486083984,115.0,117.44999694824219,115.0,116.44000244140625,4310700
2023-01-31,112.97630310058594,119.0,119.0199966430664,114.80000305175781,116.06999969482422,4298500
2023-02-01,110.44145965576172,116.33000183105469,117.69999694824219,111.93000030517578,113.0,6732300
2023-02-02,115.65354919433594,121.81999969482422,123.08999633789062,117.51000213623047,118.19999694824219,5893500
2023-02-03,115.86344909667969,121.44000244140625,123.04000091552734,117.75,118.79000091552734,3205700
2023-02-06,112.23795318603516,117.63999938964844,120.05999755859375,117.37999725341797,119.62000274658203,2541900
2023-02-07,114.5849838256836,120.0999984741211,120.94000244140625,117.3499984741211,117.55000305175781,2953500
2023-02-08,111.83723449707031,117.22000122070312,119.33000183105469,117.19000244140625,118.5199966430664,2322100
2023-02-09,110.29164123535156,115.5999984741211,118.55999755859375,114.93000030517578,117.69999694824219,2180300
2023-02-10,110.09126281738281,115.38999938964844,115.80999755859375,114.1500015258789,115.0,1666600
2023-02-13,111.98035430908203,117.37000274658203,117.54000091552734,114.47000122070312,114.97000122070312,2157400
2023-02-14,110.05310821533203,115.3499984741211,117.4000015258789,114.2300033569336,116.44000244140625,2831100
2023-02-15,109.36616516113281,114.62999725341797,115.88999938964844,112.95999908447266,113.76000213623047,2097200
2023-02-16,106.4276123046875,111.55000305175781,113.72000122070312,111.51000213623047,112.9000015258789,2284400
2023-02-17,106.06505584716797,111.16999816894531,111.45999908447266,109.22000122070312,110.88999938964844,2651600
2023-02-21,103.1837387084961,108.1500015258789,110.33999633789062,107.80999755859375,110.33999633789062,3325300
2023-02-22,103.60353088378906,108.58999633789062,109.4800033569336,107.80000305175781,108.56999969482422,2120200
2023-02-23,104.48128509521484,109.51000213623047,110.9000015258789,107.29000091552734,109.58000183105469,2030800
2023-02-24,104.60530853271484,109.63999938964844,109.75,107.2699966430664,107.55999755859375,1931900
2023-02-27,104.02333068847656,109.02999877929688,111.58999633789062,108.81999969482422,111.0,1792400
2023-02-28,104.07103729248047,109.08000183105469,110.58999633789062,109.01000213623047,109.44000244140625,2777500
2023-03-01,103.593994140625,108.58000183105469,109.81999969482422,108.08999633789062,109.48999786376953,1976200
2023-03-02,103.22189331054688,108.19000244140625,108.54000091552734,105.83999633789062,106.68000030517578,2178700
2023-03-03,104.7388916015625,109.77999877929688,110.37000274658203,108.2300033569336,109.1500015258789,1725400
2023-03-06,103.51765441894531,108.5,110.26000213623047,108.08999633789062,109.62999725341797,1758700
2023-03-07,100.66496276855469,105.51000213623047,108.44000244140625,105.16000366210938,107.88999938964844,2823100
2023-03-08,100.12116241455078,104.94000244140625,106.77999877929688,104.22000122070312,106.05000305175781,2338500
2023-03-09,96.30481719970703,100.94000244140625,105.08000183105469,100.61000061035156,104.68000030517578,2790600
2023-03-10,93.68109130859375,98.19000244140625,101.43000030517578,96.44999694824219,99.62000274658203,5669100
2023-03-13,89.03472900390625,93.31999969482422,96.08000183105469,90.62000274658203,94.68000030517578,7336300
2023-03-14,91.65845489501953,96.06999969482422,99.19999694824219,94.12000274658203,96.91999816894531,5396100
2023-03-15,88.66264343261719,92.93000030517578,93.04000091552734,89.55999755859375,91.54000091552734,6946200
2023-03-16,89.26370239257812,93.55999755859375,94.61000061035156,89.44000244140625,90.88999938964844,3983200
2023-03-17,85.59050750732422,89.70999908447266,92.6500015258789,89.43000030517578,92.61000061035156,6716500
2023-03-20,86.09617614746094,90.23999786376953,93.5999984741211,89.6500015258789,90.95999908447266,4952500
2023-03-21,90.21778869628906,94.55999755859375,95.83999633789062,93.36000061035156,93.9000015258789,4360500
2023-03-22,86.83080291748047,91.01000213623047,95.4000015258789,90.95999908447266,94.80000305175781,2689900
2023-03-23,85.78131866455078,89.91000366210938,92.83000183105469,88.30000305175781,91.33999633789062,4584000
2023-03-24,86.29651641845703,90.44999694824219,90.6500015258789,86.83999633789062,88.0999984741211,3069100
2023-03-27,87.53682708740234,91.75,93.77999877929688,90.62999725341797,93.27999877929688,2466900
2023-03-28,86.93575286865234,91.12000274658203,92.38999938964844,90.69000244140625,90.70999908447266,1941700
2023-03-29,89.79800415039062,94.12000274658203,94.23999786376953,92.26000213623047,92.95999908447266,2629800
2023-03-30,89.85523223876953,94.18000030517578,96.31999969482422,93.94999694824219,95.5199966430664,3410900
2023-03-31,91.74432373046875,96.16000366210938,96.36000061035156,94.0199966430664,94.94000244140625,2533900
2023-04-03,91.89695739746094,96.31999969482422,97.37999725341797,95.25,96.05000305175781,2060300
2023-04-04,92.19274139404297,96.62999725341797,97.94000244140625,95.05000305175781,97.44999694824219,2927200
2023-04-05,90.48492431640625,94.83999633789062,95.5999984741211,92.94000244140625,95.5999984741211,2853800
2023-04-06,90.57079315185547,94.93000030517578,95.68000030517578,94.37000274658203,94.9000015258789,2045900
2023-04-10,90.84747314453125,95.22000122070312,95.44000244140625,92.44999694824219,93.4000015258789,2421900
2023-04-11,93.91008758544922,98.43000030517578,99.1500015258789,95.55999755859375,96.12999725341797,2899600
2023-04-12,91.29590606689453,95.69000244140625,99.48999786376953,95.30000305175781,99.29000091552734,3419200
2023-04-13,91.47716522216797,95.87999725341797,96.52999877929688,94.52999877929688,95.55999755859375,2438900
2023-04-14,92.1450424194336,96.58000183105469,98.5,95.93000030517578,97.77999877929688,2752800
2023-04-17,93.3376235961914,97.83000183105469,97.86000061035156,94.0,95.51000213623047,2505400
2023-04-18,93.07049560546875,97.55000305175781,98.04000091552734,96.19999694824219,98.0,2549400
2023-04-19,94.74012756347656,99.30000305175781,99.68000030517578,96.94999694824219,98.0999984741211,2191200
2023-04-20,92.80335235595703,97.2699966430664,97.69999694824219,96.25,97.69999694824219,2247200
2023-04-21,92.15457153320312,96.58999633789062,97.16999816894531,95.19000244140625,96.87000274658203,2540800
2023-04-24,91.91604614257812,96.33999633789062,96.7300033569336,95.81999969482422,96.48999786376953,1404300
2023-04-25,90.58987426757812,94.94999694824219,95.81999969482422,94.56999969482422,94.87999725341797,2635200
2023-04-26,90.08421325683594,94.41999816894531,95.9800033569336,93.55000305175781,95.19999694824219,2271400
2023-04-27,91.58210754394531,95.98999786376953,97.0,94.05999755859375,95.05000305175781,5042900
2023-04-28,92.83196258544922,97.30000305175781,98.19999694824219,92.0,93.0,5343400
2023-05-01,88.89161682128906,93.16999816894531,97.4800033569336,92.8499984741211,97.29000091552734,3047300
2023-05-02,85.43785095214844,89.55000305175781,92.69000244140625,88.30000305175781,91.69999694824219,6385600
2023-05-03,83.9876480102539,88.02999877929688,90.5,87.56999969482422,89.88999938964844,4820500
2023-05-04,81.69784545898438,85.62999725341797,87.20999908447266,83.93000030517578,86.70999908447266,5271300
2023-05-05,83.96857452392578,88.01000213623047,89.38999938964844,87.05000305175781,87.44999694824219,2692200
2023-05-08,84.97990417480469,89.06999969482422,89.6500015258789,88.31999969482422,88.80999755859375,3118000
2023-05-09,84.92266082763672,89.01000213623047,89.38999938964844,87.37999725341797,87.98999786376953,2003000
2023-05-10,83.04310607910156,87.04000091552734,90.93000030517578,86.08000183105469,90.44999694824219,2156200
2023-05-11,83.40565490722656,87.41999816894531,87.52999877929688,85.2300033569336,86.11000061035156,3009900
2023-05-12,82.94452667236328,86.33999633789062,87.51000213623047,85.5199966430664,87.37000274658203,2641000
2023-05-15,85.61522674560547,89.12000274658203,89.25,86.55000305175781,86.9800033569336,2541600
2023-05-16,87.37323760986328,90.94999694824219,94.44999694824219,90.87000274658203,94.0,8300300
2023-05-17,90.9661636352539,94.69000244140625,94.83999633789062,91.11000061035156,92.01000213623047,4784100
2023-05-18,95.32762145996094,99.2300033569336,99.58000183105469,94.20999908447266,94.69000244140625,5913900
2023-05-19,94.0787353515625,97.93000030517578,99.98999786376953,96.52999877929688,99.51000213623047,5464700
2023-05-22,95.53895568847656,99.44999694824219,100.08000183105469,98.29000091552734,98.44000244140625,2843500
2023-05-23,98.15198516845703,102.16999816894531,103.87000274658203,99.41000366210938,99.5,4960400
2023-05-24,95.57738494873047,99.48999786376953,102.04000091552734,98.77999877929688,101.30999755859375,2577200
2023-05-25,95.990478515625,99.91999816894531,100.5999984741211,98.72000122070312,99.48999786376953,2796800
2023-05-26,98.80525207519531,102.8499984741211,103.0999984741211,100.0199966430664,100.4800033569336,3093100
2023-05-30,100.59210205078125,104.70999908447266,105.05000305175781,102.5999984741211,103.20999908447266,3313300
2023-05-31,100.11176300048828,104.20999908447266,104.75,101.63999938964844,103.5999984741211,5192400
2023-06-01,102.06192779541016,106.23999786376953,106.91000366210938,103.69000244140625,105.02999877929688,3424500
2023-06-02,106.14479064941406,110.48999786376953,111.37999725341797,107.88999938964844,108.33999633789062,4997600
2023-06-05,104.71338653564453,109.0,110.95999908447266,108.98999786376953,110.95999908447266,2035800
2023-06-06,107.6146240234375,112.0199966430664,112.44999694824219,109.0,109.11000061035156,3404600
2023-06-07,109.0748519897461,113.54000091552734,114.11000061035156,112.26000213623047,112.62999725341797,2415800
2023-06-08,107.23995971679688,111.62999725341797,113.44999694824219,110.75,113.0,2985000
2023-06-09,107.10546875,111.48999786376953,112.37999725341797,110.6500015258789,112.23999786376953,2141500
2023-06-12,107.43211364746094,111.83000183105469,112.58000183105469,110.75,111.12000274658203,2105200
2023-06-13,109.18051147460938,113.6500015258789,114.12000274658203,111.33000183105469,111.88999938964844,2682800
2023-06-14,107.91243743896484,112.33000183105469,114.91000366210938,111.68000030517578,114.0,2376500
2023-06-15,107.25918579101562,111.6500015258789,112.08999633789062,108.55999755859375,111.11000061035156,2928800
2023-06-16,105.74131774902344,110.06999969482422,112.23999786376953,109.56999969482422,112.0199966430664,4280800
2023-06-20,104.82866668701172,109.12000274658203,109.76000213623047,108.33999633789062,109.2300033569336,2230300
2023-06-21,104.02171325683594,108.27999877929688,109.41000366210938,107.94999694824219,108.69000244140625,1741500
2023-06-22,102.7055892944336,106.91000366210938,107.93000030517578,106.08999633789062,107.93000030517578,1563000
2023-06-23,102.40778350830078,106.5999984741211,107.38999938964844,105.1500015258789,105.5,2271600
2023-06-26,102.04273223876953,106.22000122070312,109.16000366210938,106.18000030517578,106.94000244140625,1805600
2023-06-27,104.42518615722656,108.69999694824219,109.25,106.0999984741211,106.19999694824219,1659600
2023-06-28,104.96318054199219,109.26000213623047,109.29000091552734,106.87999725341797,108.47000122070312,2561500
2023-06-29,104.96318054199219,109.26000213623047,109.66999816894531,107.9800033569336,109.05000305175781,2722500
2023-06-30,105.06884765625,109.37000274658203,110.94000244140625,108.7300033569336,110.41999816894531,2212800
2023-07-03,106.6827621459961,111.05000305175781,111.48999786376953,109.19999694824219,109.47000122070312,826600
2023-07-05,104.82866668701172,109.12000274658203,110.58999633789062,108.68000030517578,109.5,2574300
2023-07-06,103.04182434082031,107.26000213623047,107.58000183105469,105.55000305175781,107.5,2072300
2023-07-07,103.7911605834961,108.04000091552734,109.2699966430664,106.81999969482422,107.16000366210938,1449700
2023-07-10,105.14569091796875,109.44999694824219,110.30999755859375,107.80999755859375,107.9000015258789,3185500
2023-07-11,107.78754425048828,112.19999694824219,112.54000091552734,109.72000122070312,110.5,2940100
2023-07-12,108.30630493164062,112.73999786376953,114.91999816894531,112.25,114.19999694824219,1825200
2023-07-13,109.6896743774414,114.18000030517578,114.4800033569336,112.61000061035156,112.95999908447266,1554400
2023-07-14,107.16311645507812,111.55000305175781,114.86000061035156,111.1500015258789,114.56999969482422,1784200
2023-07-17,108.96916961669922,113.43000030517578,113.83000183105469,111.01000213623047,111.08000183105469,1654000
2023-07-18,111.50534057617188,116.06999969482422,116.58000183105469,113.75,113.91000366210938,3080800
2023-07-19,113.3210220336914,117.95999908447266,118.95999908447266,116.05999755859375,116.55999755859375,3486500
2023-07-20,110.46783447265625,114.98999786376953,116.7699966430664,113.66000366210938,114.98999786376953,5867300
2023-07-21,111.0250015258789,115.56999969482422,118.69000244140625,113.52999877929688,116.44000244140625,5496500
2023-07-24,112.6101303100586,117.22000122070312,117.48999786376953,115.0999984741211,115.52999877929688,3173500
2023-07-25,110.00670623779297,114.51000213623047,117.52999877929688,114.31999969482422,117.33999633789062,2586100
2023-07-26,109.55519104003906,114.04000091552734,116.61000061035156,113.80000305175781,115.05999755859375,2666000
2023-07-27,109.53596496582031,114.0199966430664,116.62999725341797,113.52999877929688,115.12000274658203,2582200
2023-07-28,110.33332824707031,114.8499984741211,116.30000305175781,114.36000061035156,116.12999725341797,2062700
2023-07-31,112.41798400878906,117.0199966430664,117.05000305175781,115.08999633789062,115.16999816894531,3082200
2023-08-01,111.89924621582031,116.4800033569336,116.91999816894531,115.2699966430664,116.25,2889400
2023-08-02,108.79625701904297,113.25,114.73999786376953,111.66000366210938,114.73999786376953,2300000
2023-08-03,108.4792251586914,112.91999816894531,113.37999725341797,111.62000274658203,112.80999755859375,1954000
2023-08-04,109.50299072265625,113.37999725341797,114.61000061035156,112.0999984741211,112.58000183105469,2250500
2023-08-07,111.32836151123047,115.2699966430664,115.29000091552734,113.91000366210938,114.0999984741211,2420400
2023-08-08,110.67161560058594,114.58999633789062,114.80000305175781,111.12999725341797,112.33000183105469,2028300
2023-08-09,107.98667907714844,111.80999755859375,114.5,111.76000213623047,114.08000183105469,1919600
2023-08-10,106.76010131835938,110.54000091552734,113.16000366210938,110.05000305175781,112.63999938964844,1961300
2023-08-11,106.6055679321289,110.37999725341797,110.91000366210938,109.0,110.0,1606400
2023-08-14,105.42729187011719,109.16000366210938,109.62000274658203,107.76000213623047,109.4800033569336,2137500
2023-08-15,103.25422668457031,106.91000366210938,107.44000244140625,105.62999725341797,107.44000244140625,2625400
2023-08-16,101.33229064941406,104.91999816894531,106.9000015258789,104.56999969482422,106.4800033569336,1695900
2023-08-17,101.47714233398438,105.06999969482422,106.26000213623047,104.47000122070312,105.4000015258789,1822200
2023-08-18,101.44815826416016,105.04000091552734,105.5,103.80999755859375,103.80999755859375,1517300
2023-08-21,100.82038879394531,104.38999938964844,105.30000305175781,103.19999694824219,105.2699966430664,1533400
2023-08-22,96.8702621459961,100.30000305175781,104.56999969482422,100.08000183105469,104.52999877929688,3077400
2023-08-23,98.1451187133789,101.62000274658203,101.66000366210938,99.75,100.25,1832700
2023-08-24,98.00991821289062,101.4800033569336,103.19999694824219,100.81999969482422,101.83000183105469,1548300
2023-08-25,97.40143585205078,100.8499984741211,102.08000183105469,99.87999725341797,101.48999786376953,1264200
2023-08-28,98.11613464355469,101.58999633789062,102.66999816894531,100.95999908447266,101.79000091552734,1446000
2023-08-29,99.98014831542969,103.5199966430664,104.37999725341797,101.23999786376953,101.36000061035156,2089200
2023-08-30,99.05297088623047,102.55999755859375,104.0,102.22000122070312,103.5999984741211,1647000
2023-08-31,98.8887939453125,102.38999938964844,103.43000030517578,102.04000091552734,103.0999984741211,1875500
2023-09-01,99.96082305908203,103.5,104.48999786376953,103.16000366210938,103.16000366210938,1556800
2023-09-05,98.26102447509766,101.73999786376953,103.77999877929688,101.51000213623047,103.06999969482422,1976100
2023-09-06,97.9906005859375,101.45999908447266,101.69000244140625,99.54000091552734,101.06999969482422,2229500
2023-09-07,96.50325012207031,99.91999816894531,100.9000015258789,99.66000366210938,100.62999725341797,2138000
2023-09-08,96.50325012207031,99.91999816894531,100.05000305175781,98.7300033569336,99.87999725341797,2431900
2023-09-11,96.60948181152344,100.02999877929688,101.73999786376953,99.8499984741211,100.87999725341797,1820000
2023-09-12,97.59461212158203,101.05000305175781,101.80999755859375,99.02999877929688,99.7300033569336,2670700
2023-09-13,96.90888977050781,100.33999633789062,101.97000122070312,99.36000061035156,101.73999786376953,1802900
2023-09-14,98.76322937011719,102.26000213623047,102.66000366210938,101.4000015258789,101.4000015258789,1848300
2023-09-15,100.88800811767578,104.45999908447266,104.61000061035156,101.2300033569336,101.91999816894531,4096900
2023-09-18,99.07230377197266,102.58000183105469,103.97000122070312,102.11000061035156,103.88999938964844,1479200
2023-09-19,98.21273040771484,101.69000244140625,102.97000122070312,101.63999938964844,102.58000183105469,1388800
2023-09-20,97.12135314941406,100.55999755859375,103.29000091552734,100.30000305175781,102.48999786376953,1441700
2023-09-21,95.54710388183594,98.93000030517578,100.51000213623047,98.88999938964844,100.1500015258789,1667800
2023-09-22,94.90967559814453,98.2699966430664,99.08000183105469,97.61000061035156,98.8499984741211,2089200
2023-09-25,94.53300476074219,97.87999725341797,98.69999694824219,97.0199966430664,97.6500015258789,1599000
2023-09-26,93.77967834472656,97.0999984741211,98.58999633789062,96.16999816894531,97.0,2132100
2023-09-27,92.2247314453125,95.48999786376953,97.55000305175781,94.72000122070312,97.51000213623047,2418300
2023-09-28,93.69275665283203,97.01000213623047,97.08999633789062,95.06999969482422,95.44999694824219,1840700
2023-09-29,93.73139190673828,97.05000305175781,98.6500015258789,96.58999633789062,97.69000244140625,1859300
2023-10-02,91.86738586425781,95.12000274658203,97.5,94.6500015258789,96.87000274658203,2997700
2023-10-03,89.86817169189453,93.05000305175781,94.5199966430664,92.52999877929688,94.06999969482422,2191800
2023-10-04,89.44322204589844,92.61000061035156,93.58999633789062,91.79000091552734,93.27999877929688,2518500
2023-10-05,88.96031188964844,92.11000061035156,92.5199966430664,90.87999725341797,91.8499984741211,2275900
2023-10-06,90.3414077758789,93.54000091552734,94.45999908447266,91.0199966430664,91.3499984741211,2314900
2023-10-09,91.10440063476562,94.33000183105469,94.87999725341797,92.37000274658203,92.58999633789062,2243900
2023-10-10,93.6637954711914,96.9800033569336,98.29000091552734,95.2300033569336,95.2300033569336,2467900
2023-10-11,93.79900360107422,97.12000274658203,98.58999633789062,95.8499984741211,97.0,1486800
2023-10-12,93.59618377685547,96.91000366210938,97.87999725341797,95.44000244140625,97.70999908447266,1846900
2023-10-13,91.94464111328125,95.19999694824219,98.2300033569336,94.56999969482422,97.69999694824219,2246100
2023-10-16,93.82796478271484,97.1500015258789,97.51000213623047,95.54000091552734,96.41000366210938,1645500
2023-10-17,94.68754577636719,98.04000091552734,99.26000213623047,95.91000366210938,95.91000366210938,2113600
2023-10-18,92.6496810913086,95.93000030517578,97.56999969482422,95.58999633789062,97.04000091552734,1574900
2023-10-19,89.53013610839844,92.69999694824219,95.18000030517578,92.30999755859375,94.51000213623047,3480100
2023-10-20,87.14460754394531,90.2300033569336,92.86000061035156,89.73999786376953,92.4000015258789,2483500
2023-10-23,87.28945922851562,90.37999725341797,91.7699966430664,89.5,90.05999755859375,1834400
2023-10-24,86.14982604980469,89.19999694824219,91.31999969482422,88.83000183105469,90.70999908447266,2597600
2023-10-25,85.92769622802734,88.97000122070312,90.12999725341797,88.2300033569336,88.5999984741211,2369400
2023-10-26,86.44921875,89.51000213623047,91.08999633789062,89.08000183105469,89.41000366210938,3549700
2023-10-27,94.3978042602539,97.73999786376953,99.7699966430664,96.16000366210938,96.48999786376953,6534100
2023-10-30,97.10205078125,100.54000091552734,101.26000213623047,98.41999816894531,98.62000274658203,3923400
2023-10-31,97.826416015625,101.29000091552734,101.83000183105469,99.81999969482422,100.87999725341797,2619200
2023-11-01,96.84127807617188,100.2699966430664,101.72000122070312,99.37000274658203,101.6500015258789,2186000
2023-11-02,101.07151794433594,104.6500015258789,104.93000030517578,101.37999725341797,102.0,3287100
2023-11-03,102.68439483642578,106.31999969482422,108.12999725341797,105.87000274658203,105.87000274658203,3376700
2023-11-06,101.84414672851562,105.44999694824219,106.91999816894531,104.63999938964844,106.0999984741211,2340500
2023-11-07,101.4192123413086,105.01000213623047,105.73999786376953,104.44000244140625,104.83999633789062,2009700
2023-11-08,101.48680877685547,105.08000183105469,105.8499984741211,104.31999969482422,105.0,2054000
2023-11-09,100.9169692993164,104.48999786376953,106.0199966430664,103.98999786376953,105.76000213623047,1801900
2023-11-10,101.58722686767578,104.58000183105469,104.62999725341797,102.62999725341797,104.0,2503700
2023-11-13,101.38325500488281,104.37000274658203,106.05999755859375,103.79000091552734,104.04000091552734,3009900
2023-11-14,103.94769287109375,107.01000213623047,108.12999725341797,106.76000213623047,106.93000030517578,3213700
2023-11-15,102.96661376953125,106.0,107.54000091552734,105.51000213623047,107.27999877929688,3303800
2023-11-16,102.00492858886719,105.01000213623047,106.56999969482422,104.20999908447266,106.44999694824219,2825100
2023-11-17,104.5985336303711,107.68000030517578,107.68000030517578,105.02999877929688,105.86000061035156,2309700
2023-11-20,104.08369445800781,107.1500015258789,107.66000366210938,106.43000030517578,107.55000305175781,2255800
2023-11-21,102.75289916992188,105.77999877929688,107.25,105.5999984741211,106.80999755859375,1545300
2023-11-22,103.71456146240234,106.7699966430664,107.06999969482422,105.38999938964844,106.4000015258789,1342800
2023-11-24,103.5202865600586,106.56999969482422,107.36000061035156,106.2300033569336,107.08000183105469,524100
2023-11-27,103.14144134521484,106.18000030517578,106.61000061035156,105.43000030517578,105.69999694824219,1556800
2023-11-28,105.47277069091797,108.58000183105469,109.05000305175781,106.13999938964844,106.37000274658203,1874500
2023-11-29,106.97840881347656,110.12999725341797,111.55999755859375,109.18000030517578,109.18000030517578,2087500
2023-11-30,108.46464538574219,111.66000366210938,111.97000122070312,110.18000030517578,110.80000305175781,2439300
2023-12-01,110.669677734375,113.93000030517578,115.13999938964844,111.33999633789062,111.33999633789062,3422300
2023-12-04,111.6507568359375,114.94000244140625,116.0199966430664,112.63999938964844,112.98999786376953,3594000
2023-12-05,112.01988983154297,115.31999969482422,116.30999755859375,113.66999816894531,114.44000244140625,3572400
2023-12-06,110.51423645019531,113.7699966430664,118.08999633789062,113.48999786376953,117.2699966430664,2480000
2023-12-07,112.07817077636719,115.37999725341797,115.93000030517578,113.41999816894531,114.05999755859375,3675000
2023-12-08,114.71062469482422,118.08999633789062,118.55000305175781,114.88999938964844,115.5,3024900
2023-12-11,115.41001892089844,118.80999755859375,119.66999816894531,117.12999725341797,117.7300033569336,3138200
2023-12-12,116.8476791381836,120.29000091552734,121.05999755859375,118.5199966430664,118.5199966430664,3666200
2023-12-13,121.51030731201172,125.08999633789062,125.20999908447266,120.06999969482422,121.0,3871200
2023-12-14,125.50267791748047,129.1999969482422,130.14999389648438,126.68000030517578,126.7699966430664,6375700
2023-12-15,125.96894836425781,129.67999267578125,129.9499969482422,127.5,128.3699951171875,5016500
2023-12-18,126.26036834716797,129.97999572753906,130.8699951171875,129.60000610351562,130.0800018310547,2630700
2023-12-19,127.75630950927734,131.52000427246094,132.05999755859375,129.22000122070312,129.57000732421875,2663200
2023-12-20,124.07476043701172,127.7300033569336,132.13999938964844,127.7300033569336,131.67999267578125,2780400
2023-12-21,125.93009948730469,129.63999938964844,130.6300048828125,128.6300048828125,128.88999938964844,3203200
2023-12-22,126.02722930908203,129.74000549316406,131.36000061035156,129.19000244140625,130.14999389648438,1371500
2023-12-26,126.98890686035156,130.72999572753906,130.82000732421875,129.22999572753906,129.74000549316406,864000
2023-12-27,127.3968734741211,131.14999389648438,131.27999877929688,130.0,130.94000244140625,1007400
2023-12-28,128.2419891357422,132.02000427246094,132.27000427246094,130.8000030517578,131.1300048828125,1198100
2023-12-29,127.36772918701172,131.1199951171875,132.5,130.64999389648438,131.80999755859375,1385000
2024-01-02,128.3293914794922,132.11000061035156,132.3300018310547,129.88999938964844,130.60000610351562,2176600
2024-01-03,126.97918701171875,130.72000122070312,131.63999938964844,129.00999450683594,130.80999755859375,2505100
2024-01-04,126.05638885498047,129.77000427246094,131.3300018310547,129.27000427246094,130.24000549316406,2605600
2024-01-05,128.63052368164062,132.4199981689453,134.25999450683594,129.00999450683594,129.44000244140625,3511500
2024-01-08,129.88363647460938,133.7100067138672,133.80999755859375,130.7899932861328,131.4499969482422,2624700
2024-01-09,129.1259307861328,132.92999267578125,133.47000122070312,131.25,131.99000549316406,2599900
2024-01-10,125.25010681152344,128.94000244140625,131.5399932861328,127.41000366210938,131.27999877929688,3669300
2024-01-11,124.66728210449219,128.33999633789062,128.9199981689453,126.73999786376953,128.9199981689453,2008100
2024-01-12,124.04560852050781,127.69999694824219,129.33999633789062,126.7300033569336,128.6199951171875,2288600
2024-01-16,123.87075805664062,127.5199966430664,128.02999877929688,126.06999969482422,126.9000015258789,2762600
2024-01-17,122.47198486328125,126.08000183105469,127.56999969482422,125.12999725341797,125.54000091552734,2384500
2024-01-18,121.34517669677734,124.91999816894531,125.51000213623047,123.2300033569336,124.91999816894531,2919900
2024-01-19,124.31759643554688,127.9800033569336,128.49000549316406,124.73999786376953,125.8499984741211,2981400
2024-01-22,125.96894836425781,129.67999267578125,131.5,128.55999755859375,128.85000610351562,3726200
2024-01-23,126.04663848876953,129.75999450683594,130.3000030517578,129.08999633789062,130.17999267578125,2163800
2024-01-24,127.3386001586914,131.08999633789062,132.3000030517578,130.0500030517578,130.58999633789062,2583100
2024-01-25,128.7568359375,132.5500030517578,134.0,131.80999755859375,132.33999633789062,4207400
2024-01-26,134.750244140625,138.72000122070312,139.47999572753906,132.5500030517578,132.5500030517578,5350300
2024-01-29,134.51710510253906,138.47999572753906,140.86000061035156,136.9499969482422,139.63999938964844,2656400
2024-01-30,134.64340209960938,138.61000061035156,139.19000244140625,137.97000122070312,138.3699951171875,1777800
2024-01-31,131.44754028320312,135.32000732421875,138.6300048828125,135.0,137.11000061035156,2192200
2024-02-01,130.70932006835938,134.55999755859375,136.58999633789062,132.14999389648438,135.36000061035156,2016800
2024-02-02,132.57435607910156,136.47999572753906,137.25,133.02999877929688,134.0399932861328,2128100
2024-02-05,131.36984252929688,135.24000549316406,135.72000122070312,133.89999389648438,135.02000427246094,1810200
2024-02-06,130.50534057617188,134.35000610351562,135.4499969482422,133.02999877929688,134.77999877929688,1567500
2024-02-07,130.1361846923828,133.97000122070312,135.1300048828125,132.30999755859375,134.85000610351562,1445600
2024-02-08,131.505859375,135.3800048828125,135.52999877929688,132.5,133.88999938964844,1567500
2024-02-09,131.8863525390625,135.1699981689453,135.5,133.35000610351562,135.11000061035156,1353500
2024-02-12,134.14024353027344,137.47999572753906,138.02999877929688,134.82000732421875,135.60000610351562,1522300
2024-02-13,130.28616333007812,133.52999877929688,135.13999938964844,132.38999938964844,135.13999938964844,2133200
2024-02-14,131.82781982421875,135.11000061035156,135.2100067138672,133.27000427246094,134.9499969482422,1271900
2024-02-15,133.04745483398438,136.36000061035156,137.2100067138672,135.3800048828125,135.77000427246094,1527000
2024-02-16,133.89630126953125,137.22999572753906,138.00999450683594,135.1300048828125,136.00999450683594,1631600
2024-02-20,134.05242919921875,137.38999938964844,138.9499969482422,129.69000244140625,130.8300018310547,16526500
2024-02-21,131.73023986816406,135.00999450683594,136.75,134.07000732421875,136.05999755859375,6489400
2024-02-22,131.29119873046875,134.55999755859375,136.27999877929688,134.32000732421875,134.75,4344100
2024-02-23,132.2278594970703,135.52000427246094,136.5399932861328,134.35000610351562,135.38999938964844,3092500
2024-02-26,131.22288513183594,134.49000549316406,136.99000549316406,134.38999938964844,134.97000122070312,2172600
2024-02-27,133.4962615966797,136.82000732421875,137.07000732421875,134.2100067138672,135.30999755859375,3131000
2024-02-28,134.27682495117188,137.6199951171875,138.30999755859375,136.25,136.3300018310547,2947300
2024-02-29,134.26707458496094,137.61000061035156,138.4199981689453,136.16000366210938,138.4199981689453,3643500
2024-03-01,133.447509765625,136.77000427246094,137.91000366210938,135.94000244140625,137.72000122070312,2251800
2024-03-04,132.68643188476562,135.99000549316406,137.30999755859375,135.8000030517578,136.33999633789062,2589600
2024-03-05,134.21829223632812,137.55999755859375,139.9499969482422,134.60000610351562,134.60000610351562,3313700
2024-03-06,132.4425048828125,135.74000549316406,138.10000610351562,135.0800018310547,137.69000244140625,2182400
2024-03-07,134.30612182617188,137.64999389648438,138.17999267578125,136.35000610351562,136.5,1594000
2024-03-08,133.89630126953125,137.22999572753906,138.9199981689453,136.75999450683594,138.0,1960000
2024-03-11,135.096435546875,138.4600067138672,138.58999633789062,135.9600067138672,136.97000122070312,2001100
2024-03-12,136.8624725341797,140.27000427246094,140.47000122070312,138.16000366210938,139.0,2262900
2024-03-13,137.19419860839844,140.61000061035156,141.1699981689453,139.77999877929688,140.47000122070312,1974800
2024-03-14,136.04287719726562,139.42999267578125,141.13999938964844,138.1999969482422,140.2899932861328,2248400
2024-03-15,132.2571258544922,135.5500030517578,139.91000366210938,135.33999633789062,137.10000610351562,4262000
2024-03-18,132.95965576171875,136.27000427246094,136.83999633789062,135.1300048828125,136.0,2799200
2024-03-19,133.5255584716797,136.85000610351562,137.91000366210938,136.25,136.57000732421875,2282100
2024-03-20,138.32603454589844,141.77000427246094,141.8000030517578,135.88999938964844,136.4600067138672,2341000
2024-03-21,139.70176696777344,143.17999267578125,143.99000549316406,142.02999877929688,142.6699981689453,2401500
2024-03-22,137.7308349609375,141.16000366210938,143.6699981689453,141.0800018310547,143.3000030517578,1847700
2024-03-25,137.13568115234375,140.5500030517578,141.9600067138672,140.0,140.14999389648438,2376300
2024-03-26,137.4088592529297,140.8300018310547,141.92999267578125,140.66000366210938,140.9199981689453,1729900
2024-03-27,140.99948120117188,144.50999450683594,144.57000732421875,141.47000122070312,141.82000732421875,2593100
2024-03-28,145.27305603027344,148.88999938964844,149.27999877929688,145.0,145.60000610351562,4039500
2024-04-01,141.77027893066406,145.3000030517578,148.88999938964844,144.99000549316406,148.85000610351562,1638800
2024-04-02,140.90188598632812,144.41000366210938,144.9199981689453,143.1199951171875,144.5,1924700
2024-04-03,139.7895965576172,143.27000427246094,144.7100067138672,142.4199981689453,144.10000610351562,1949700
2024-04-04,138.6772918701172,142.1300048828125,147.2100067138672,142.0500030517578,146.75999450683594,2419100
2024-04-05,140.0335235595703,143.52000427246094,143.69000244140625,141.67999267578125,142.11000061035156,1567200
2024-04-08,140.42379760742188,143.9199981689453,145.24000549316406,143.52999877929688,143.77999877929688,1717300
2024-04-09,140.0335235595703,143.52000427246094,144.5,142.5,144.1199951171875,1354700
2024-04-10,136.54049682617188,139.94000244140625,141.57000732421875,138.14999389648438,141.16000366210938,3041300
2024-04-11,136.93077087402344,140.33999633789062,141.3699951171875,137.60000610351562,140.1199951171875,2153300
2024-04-12,136.22824096679688,139.6199951171875,139.66000366210938,137.86000061035156,138.17999267578125,2530400
2024-04-15,135.79893493652344,139.17999267578125,142.42999267578125,138.14999389648438,141.8000030517578,2862700
2024-04-16,133.0962371826172,136.41000366210938,138.60000610351562,136.25,138.3000030517578,2206300
2024-04-17,133.447509765625,136.77000427246094,138.57000732421875,136.52000427246094,137.75,1762300
2024-04-18,138.18943786621094,141.6300048828125,143.66000366210938,137.99000549316406,137.99000549316406,3001200
2024-04-19,139.4383087158203,142.91000366210938,145.19000244140625,142.25999450683594,142.25999450683594,2530900
2024-04-22,143.6728973388672,147.25,147.27999877929688,143.08999633789062,144.10000610351562,2875500
2024-04-23,144.30711364746094,147.89999389648438,149.94000244140625,146.8800048828125,147.0800018310547,2503200
2024-04-24,145.2535400390625,148.8699951171875,149.60000610351562,146.75999450683594,147.13999938964844,3961800
2024-04-25,142.4239959716797,145.97000122070312,149.0,144.92999267578125,148.33999633789062,3757700
2024-04-26,142.65818786621094,146.2100067138672,148.97999572753906,144.6999969482422,145.16000366210938,4328700
2024-04-29,141.9654083251953,145.5,147.27000427246094,144.7899932861328,146.8300018310547,2169400
2024-04-30,139.94569396972656,143.42999267578125,145.02999877929688,143.33999633789062,144.3699951171875,2038100
2024-05-01,138.19920349121094,141.63999938964844,143.82000732421875,141.14999389648438,143.0,1948200
2024-05-02,138.36505126953125,141.80999755859375,143.44000244140625,141.4600067138672,143.19000244140625,2105900
2024-05-03,138.9504852294922,142.41000366210938,143.42999267578125,142.02999877929688,143.17999267578125,1638200
2024-05-06,139.84812927246094,143.3300018310547,144.60000610351562,142.8300018310547,143.42999267578125,1493600
2024-05-07,139.09683227539062,142.55999755859375,144.6199951171875,141.61000061035156,144.19000244140625,1927000
2024-05-08,139.36029052734375,142.8300018310547,143.22000122070312,141.52000427246094,142.08999633789062,1269000
2024-05-09,139.02853393554688,142.49000549316406,143.4600067138672,141.94000244140625,142.66000366210938,1583100
2024-05-10,139.6850128173828,142.55999755859375,143.14999389648438,142.02000427246094,142.25,1322500
2024-05-13,139.332275390625,142.1999969482422,144.24000549316406,141.91000366210938,143.8800048828125,1058400
2024-05-14,140.1945343017578,143.0800018310547,143.75,142.13999938964844,143.0399932861328,1680200
2024-05-15,141.43893432617188,144.35000610351562,145.3800048828125,143.5399932861328,144.0399932861328,2064800
2024-05-16,138.20547485351562,141.0500030517578,144.97000122070312,140.41000366210938,144.39999389648438,3111200
2024-05-17,138.9501495361328,141.80999755859375,142.22999572753906,140.85000610351562,142.14999389648438,1380000
2024-05-20,137.7841339111328,140.6199951171875,142.02999877929688,140.10000610351562,141.80999755859375,1340700
2024-05-21,137.58816528320312,140.4199981689453,141.02000427246094,139.9499969482422,140.27000427246094,1948200
2024-05-22,136.61813354492188,139.42999267578125,141.58999633789062,139.22999572753906,139.97000122070312,1715500
2024-05-23,134.71726989746094,137.49000549316406,139.63999938964844,136.2100067138672,139.63999938964844,2788700
2024-05-24,134.84461975097656,137.6199951171875,139.24000549316406,137.44000244140625,138.0500030517578,1571500
2024-05-28,133.86480712890625,136.6199951171875,138.11000061035156,136.22999572753906,137.74000549316406,1659900
2024-05-29,132.9143829345703,135.64999389648438,136.19000244140625,133.6999969482422,134.82000732421875,1615900
2024-05-30,133.43368530273438,136.17999267578125,136.8699951171875,135.1199951171875,136.24000549316406,1707000
2024-05-31,134.8544464111328,137.6300048828125,137.75999450683594,136.22000122070312,136.50999450683594,4432500
2024-06-03,134.35472106933594,137.1199951171875,138.0,134.88999938964844,137.42999267578125,2002600
2024-06-04,131.76795959472656,134.47999572753906,136.5500030517578,133.7100067138672,135.47000122070312,1942700
2024-06-05,132.74781799316406,135.47999572753906,135.67999267578125,133.5399932861328,134.82000732421875,2226500
2024-06-06,133.61985778808594,136.3699951171875,138.6199951171875,135.8699951171875,136.57000732421875,2383900
2024-06-07,136.98068237304688,139.8000030517578,141.0,135.2899932861328,135.69000244140625,2835900
2024-06-10,138.05848693847656,140.89999389648438,141.17999267578125,138.32000732421875,138.80999755859375,2544200
2024-06-11,132.4146728515625,135.13999938964844,140.39999389648438,134.5500030517578,140.16000366210938,2436100
2024-06-12,134.33514404296875,137.10000610351562,138.99000549316406,136.1699981689453,137.27999877929688,2240500
2024-06-13,132.36566162109375,135.08999633789062,136.67999267578125,134.2899932861328,136.30999755859375,1895900
2024-06-14,131.0037078857422,133.6999969482422,135.25,133.3000030517578,134.02999877929688,2613000
2024-06-17,134.33514404296875,137.10000610351562,137.35000610351562,133.5,133.7899932861328,2054500
2024-06-18,134.57029724121094,137.33999633789062,138.2100067138672,136.77000427246094,137.00999450683594,1399600
2024-06-20,135.3443603515625,138.1300048828125,138.14999389648438,135.83999633789062,137.82000732421875,1811800
2024-06-21,134.0117950439453,136.77000427246094,137.77000427246094,135.2100067138672,137.0,3152700
2024-06-24,134.9034423828125,137.67999267578125,139.11000061035156,135.6300048828125,137.0399932861328,1749000
2024-06-25,132.14031982421875,134.86000061035156,137.64999389648438,134.75999450683594,137.14999389648438,1743000
2024-06-26,134.0117950439453,136.77000427246094,136.94000244140625,133.0800018310547,133.7100067138672,2834100
2024-06-27,131.32704162597656,134.02999877929688,136.24000549316406,132.9199981689453,136.02999877929688,3535000
2024-06-28,135.65789794921875,138.4499969482422,138.7899932861328,134.66000366210938,135.38999938964844,4959900
2024-07-01,136.88270568847656,139.6999969482422,141.8000030517578,138.4499969482422,138.8000030517578,3081200
2024-07-02,137.64695739746094,140.47999572753906,140.52000427246094,138.72999572753906,139.63999938964844,2020000
2024-07-03,135.62852478027344,138.4199981689453,140.6699981689453,138.0,140.27000427246094,1805400
2024-07-05,133.25732421875,136.0,138.74000549316406,135.8800048828125,138.3800048828125,2622600
2024-07-08,133.07113647460938,135.80999755859375,138.05999755859375,135.5,137.22000122070312,2298600
2024-07-09,134.22735595703125,136.99000549316406,138.92999267578125,135.36000061035156,135.80999755859375,2575900
2024-07-10,133.85501098632812,136.61000061035156,137.0,135.41000366210938,136.19000244140625,1665900
2024-07-11,136.18704223632812,138.99000549316406,139.07000732421875,136.55999755859375,137.0500030517578,1803800
2024-07-12,135.6187286376953,138.41000366210938,139.47000122070312,137.5,139.1199951171875,1680200
2024-07-15,141.69369506835938,144.61000061035156,144.63999938964844,140.2100067138672,140.82000732421875,3018200
2024-07-16,146.54383850097656,149.55999755859375,149.58999633789062,144.19000244140625,144.63999938964844,3796900
2024-07-17,146.45565795898438,149.47000122070312,151.33999633789062,147.44000244140625,148.8699951171875,2931500
2024-07-18,145.72080993652344,148.72000122070312,153.35000610351562,147.69000244140625,151.77000427246094,3936900
2024-07-19,144.300048828125,147.27000427246094,149.1199951171875,146.3000030517578,148.9199981689453,2564700
2024-07-22,142.18360900878906,145.11000061035156,147.32000732421875,144.5,146.2100067138672,3257100
2024-07-23,142.5657196044922,145.5,147.4600067138672,144.83999633789062,145.25999450683594,3686300
2024-07-24,143.4573974609375,146.41000366210938,148.92999267578125,140.5,143.6699981689453,4567800
2024-07-25,145.10348510742188,148.08999633789062,150.0500030517578,145.49000549316406,146.1699981689453,2666000
2024-07-26,146.34788513183594,149.36000061035156,150.10000610351562,148.41000366210938,149.27999877929688,1795100
2024-07-29,146.05393981933594,149.05999755859375,149.86000061035156,147.3800048828125,149.52000427246094,1779200
2024-07-30,149.1796112060547,152.25,152.64999389648438,149.32000732421875,150.74000549316406,2387400
2024-07-31,148.3467559814453,151.39999389648438,152.8699951171875,150.97000122070312,151.9600067138672,2026800
2024-08-01,140.9882049560547,143.88999938964844,152.63999938964844,142.33999633789062,151.72999572753906,3246000
2024-08-02,133.37489318847656,136.1199951171875,141.49000549316406,135.8000030517578,141.49000549316406,3542400
2024-08-05,128.76968383789062,131.4199981689453,133.30999755859375,128.22999572753906,131.94000244140625,3561100
2024-08-06,130.99391174316406,133.69000244140625,134.82000732421875,130.77999877929688,131.3699951171875,3070100
2024-08-07,129.62213134765625,132.2899932861328,137.22999572753906,132.10000610351562,135.6999969482422,2101000
2024-08-08,131.66018676757812,134.3699951171875,135.19000244140625,133.2100067138672,133.58999633789062,1742400
2024-08-09,132.09132385253906,134.80999755859375,135.05999755859375,133.27999877929688,134.60000610351562,1326000
2024-08-12,130.0343017578125,132.1199951171875,135.1699981689453,131.8800048828125,134.25999450683594,1797100
2024-08-13,131.88462829589844,134.0,134.27000427246094,131.77999877929688,133.0,1673900
2024-08-14,133.8038330078125,135.9499969482422,136.39999389648438,134.0399932861328,134.6999969482422,1699400
2024-08-15,134.94554138183594,137.11000061035156,141.1699981689453,136.07000732421875,138.33999633789062,2374400
2024-08-16,137.3568572998047,139.55999755859375,139.80999755859375,136.5800018310547,137.05999755859375,1883600
2024-08-19,140.67364501953125,142.92999267578125,143.0,139.74000549316406,139.74000549316406,1339600
2024-08-20,139.2760772705078,141.50999450683594,142.6199951171875,140.9199981689453,142.5,1326100
2024-08-21,137.57337951660156,139.77999877929688,142.3000030517578,139.19000244140625,141.8000030517578,1386800
2024-08-22,137.27813720703125,139.47999572753906,140.6300048828125,139.05999755859375,139.55999755859375,2339300
2024-08-23,140.28981018066406,142.5399932861328,143.67999267578125,139.52000427246094,140.4600067138672,2886000
2024-08-26,140.2701416015625,142.52000427246094,144.00999450683594,141.6300048828125,143.44000244140625,1823800
2024-08-27,140.13233947753906,142.3800048828125,143.42999267578125,141.86000061035156,142.7100067138672,1055900
2024-08-28,141.8743896484375,144.14999389648438,144.52999877929688,142.07000732421875,142.07000732421875,1769600
2024-08-29,143.0751190185547,145.3699951171875,145.6300048828125,142.75999450683594,145.32000732421875,1230300
2024-08-30,144.6105194091797,146.92999267578125,147.22000122070312,144.85000610351562,145.67999267578125,1983600
2024-09-03,143.301513671875,145.60000610351562,147.27000427246094,144.92999267578125,145.47000122070312,1530900
2024-09-04,141.5004119873047,143.77000427246094,147.1699981689453,142.85000610351562,146.32000732421875,1996400
2024-09-05,139.84690856933594,142.08999633789062,145.3699951171875,140.9199981689453,144.7899932861328,2261400
2024-09-06,136.80569458007812,139.0,145.0800018310547,138.13999938964844,142.10000610351562,2381600
2024-09-09,140.348876953125,142.60000610351562,143.52999877929688,139.9499969482422,140.4199981689453,1998400
2024-09-10,135.8116455078125,137.99000549316406,140.6300048828125,131.5500030517578,140.25999450683594,7077600
2024-09-11,134.30580139160156,136.4600067138672,136.8000030517578,132.61000061035156,136.75,2864200
2024-09-12,135.36875915527344,137.5399932861328,138.07000732421875,134.72999572753906,136.74000549316406,1945900
2024-09-13,136.7761688232422,138.97000122070312,140.64999389648438,137.63999938964844,138.5,1822800
2024-09-16,138.72491455078125,140.9499969482422,141.8000030517578,138.89999389648438,138.89999389648438,2612800
2024-09-17,142.78973388671875,145.0800018310547,146.60000610351562,140.92999267578125,140.92999267578125,2166000
2024-09-18,143.1342010498047,145.42999267578125,148.5,143.85000610351562,145.41000366210938,2165300
2024-09-19,150.6339111328125,153.0500030517578,153.07000732421875,148.11000061035156,148.5,3456700
2024-09-20,149.87603759765625,152.27999877929688,153.36000061035156,150.7100067138672,153.36000061035156,3417000
2024-09-23,148.86233520507812,151.25,154.17999267578125,151.1699981689453,153.0,1735000
2024-09-24,145.0238800048828,147.35000610351562,151.64999389648438,144.36000061035156,151.49000549316406,2389600
2024-09-25,144.0199737548828,146.3300018310547,148.27000427246094,145.6699981689453,148.27000427246094,1593000
2024-09-26,145.4470977783203,147.77999877929688,148.1300048828125,145.3000030517578,146.50999450683594,1492200
2024-09-27,146.73641967773438,149.08999633789062,150.27000427246094,147.57000732421875,148.77000427246094,1512300
2024-09-30,147.36631774902344,149.72999572753906,149.85000610351562,147.5,148.08999633789062,1262200
2024-10-01,144.48257446289062,146.8000030517578,149.75,145.3699951171875,149.64999389648438,1713700
2024-10-02,144.20697021484375,146.52000427246094,148.05999755859375,145.17999267578125,146.85000610351562,1881400
2024-10-03,142.90782165527344,145.1999969482422,145.74000549316406,143.3000030517578,145.30999755859375,1967200
2024-10-04,151.01773071289062,153.44000244140625,153.5500030517578,148.77000427246094,148.77999877929688,2551000
2024-10-07,149.60047912597656,152.0,153.44000244140625,150.66000366210938,152.3000030517578,2016600
2024-10-08,147.13995361328125,149.5,152.52999877929688,149.4600067138672,152.27000427246094,1904400
2024-10-09,149.40362548828125,151.8000030517578,151.8800048828125,149.2100067138672,149.91000366210938,2079400
2024-10-10,148.7442169189453,151.1300048828125,152.30999755859375,150.1199951171875,151.07000732421875,1440800
2024-10-11,153.22235107421875,155.67999267578125,156.33999633789062,152.0,152.0,2498900
2024-10-14,154.1376953125,156.61000061035156,157.35000610351562,154.0399932861328,155.67999267578125,2379600
2024-10-15,154.25579833984375,156.72999572753906,159.77999877929688,155.8300018310547,157.6999969482422,2164700
2024-10-16,155.5746612548828,158.07000732421875,159.2899932861328,157.4199981689453,159.10000610351562,1942200
2024-10-17,157.22813415527344,159.75,160.4499969482422,158.07000732421875,158.60000610351562,2771900
2024-10-18,156.5194854736328,159.02999877929688,159.75999450683594,155.36000061035156,159.6999969482422,2516900
2024-10-21,154.54122924804688,157.02000427246094,159.6199951171875,156.02000427246094,158.5800018310547,2265800
2024-10-22,153.5570068359375,156.02000427246094,157.3800048828125,155.3699951171875,157.10000610351562,2187000
2024-10-23,151.81495666503906,154.25,157.0,152.97999572753906,155.86000061035156,2742200
2024-10-24,150.840576171875,153.25999450683594,155.4199981689453,152.22000122070312,155.1999969482422,3592600
2024-10-25,158.72415161132812,161.27000427246094,167.92999267578125,161.11000061035156,164.27999877929688,6087500
2024-10-28,162.75941467285156,165.3699951171875,165.91000366210938,160.08999633789062,161.5800018310547,4109000
2024-10-29,160.4169921875,162.99000549316406,165.36000061035156,162.47999572753906,164.6699981689453,2596600
2024-10-30,164.1373291015625,166.77000427246094,167.88999938964844,163.05999755859375,163.9199981689453,2787600
2024-10-31,160.22015380859375,162.7899932861328,167.0399932861328,162.77000427246094,167.0,3425800
2024-11-01,161.31260681152344,163.89999389648438,165.17999267578125,162.02000427246094,162.35000610351562,3375200
2024-11-04,158.73397827148438,161.27999877929688,163.75999450683594,160.32000732421875,163.64999389648438,2234600
2024-11-05,163.42868041992188,166.0500030517578,166.44000244140625,161.9199981689453,162.3699951171875,2489600
2024-11-06,187.9552764892578,190.97000122070312,198.3000030517578,185.97000122070312,190.2899932861328,12157300
2024-11-07,181.90237426757812,184.82000732421875,189.25,184.5500030517578,188.0800018310547,4766500
2024-11-08,182.28622436523438,185.2100067138672,187.52999877929688,183.25,184.8000030517578,4247000
2024-11-11,187.20729064941406,190.2100067138672,191.99000549316406,186.3699951171875,188.85000610351562,5171900
2024-11-12,183.84127807617188,186.7899932861328,191.25999450683594,186.47000122070312,189.8000030517578,3284800
2024-11-13,182.6011505126953,185.52999877929688,189.17999267578125,184.91000366210938,187.17999267578125,3347100
2024-11-14,180.69546508789062,183.0,185.5800018310547,181.6300048828125,184.52000427246094,3005800
2024-11-15,182.80850219726562,185.13999938964844,185.97000122070312,183.0800018310547,183.33999633789062,4122400
2024-11-18,180.55722045898438,182.86000061035156,186.10000610351562,182.07000732421875,184.4499969482422,2514000
2024-11-19,178.72064208984375,181.0,182.0,179.0800018310547,179.6699981689453,2204600
2024-11-20,178.41456604003906,180.69000244140625,181.8000030517578,179.9499969482422,181.32000732421875,2310300
2024-11-21,180.33998107910156,182.63999938964844,184.10000610351562,180.75999450683594,181.72000122070312,3628200
2024-11-22,184.70433044433594,187.05999755859375,187.57000732421875,182.82000732421875,183.0800018310547,2051500
2024-11-25,189.47349548339844,191.88999938964844,193.5800018310547,188.02999877929688,188.58999633789062,4899200
2024-11-26,189.03904724121094,191.4499969482422,192.22000122070312,189.3000030517578,191.14999389648438,2327400
2024-11-27,188.8810577392578,191.2899932861328,193.55999755859375,190.22999572753906,192.3000030517578,1561100
2024-11-29,189.59197998046875,192.00999450683594,194.3000030517578,191.8699951171875,193.0500030517578,1132300
2024-12-02,185.15853881835938,187.52000427246094,193.0,187.32000732421875,192.6699981689453,2504500
2024-12-03,184.70433044433594,187.05999755859375,189.47000122070312,186.5800018310547,189.41000366210938,2355000
2024-12-04,183.16397094726562,185.5,187.36000061035156,185.0,186.75,1783600
2024-12-05,183.2331085205078,185.57000732421875,186.55999755859375,184.3699951171875,185.5,1682200
2024-12-06,185.59300231933594,187.9600067138672,188.22000122070312,186.0,186.36000061035156,2696800
2024-12-09,182.393798828125,184.72000122070312,188.72999572753906,184.60000610351562,186.8000030517578,3212700
2024-12-10,181.61375427246094,183.92999267578125,185.3800048828125,182.85000610351562,185.0399932861328,2976800
2024-12-11,183.70706176757812,186.0500030517578,186.75,182.8800048828125,184.75,2803000
2024-12-12,182.42343139648438,184.75,186.64999389648438,184.1699981689453,185.6999969482422,2185200
2024-12-13,182.20619201660156,184.52999877929688,186.07000732421875,183.6699981689453,185.8800048828125,2053100
2024-12-16,182.7788848876953,185.11000061035156,185.30999755859375,182.97000122070312,184.6300048828125,2105400
2024-12-17,178.89837646484375,181.17999267578125,184.3000030517578,181.07000732421875,183.0399932861328,2995100
2024-12-18,172.24325561523438,174.44000244140625,182.69000244140625,173.9600067138672,181.63999938964844,3191800
2024-12-19,173.44790649414062,175.66000366210938,180.24000549316406,174.2899932861328,178.92999267578125,4034800
2024-12-20,176.40023803710938,178.64999389648438,180.86000061035156,174.27000427246094,175.0800018310547,5164300
2024-12-23,177.70361328125,179.97000122070312,180.35000610351562,177.1699981689453,177.39999389648438,2095300
2024-12-24,179.82655334472656,182.1199951171875,182.24000549316406,179.64999389648438,179.8300018310547,931300
2024-12-26,180.0635223388672,182.36000061035156,182.74000549316406,180.00999450683594,180.75999450683594,1255600
2024-12-27,177.95046997070312,180.22000122070312,182.85000610351562,179.47999572753906,181.08999633789062,1209100
2024-12-30,175.6892852783203,177.92999267578125,179.3000030517578,175.8300018310547,178.14999389648438,1726500
2024-12-31,176.07440185546875,178.32000732421875,179.6199951171875,177.5500030517578,178.49000549316406,1175000
2025-01-02,176.45948791503906,178.7100067138672,182.19000244140625,177.08999633789062,180.0,1792900
2025-01-03,178.15782165527344,180.42999267578125,180.52000427246094,177.22000122070312,180.0,1886700
2025-01-06,181.20892333984375,183.52000427246094,185.6999969482422,181.80999755859375,184.97999572753906,2277900
2025-01-07,179.5994415283203,181.88999938964844,185.38999938964844,180.6199951171875,184.97999572753906,2508300
2025-01-08,177.87147521972656,180.13999938964844,181.38999938964844,178.8699951171875,180.4499969482422,2355400
2025-01-10,173.0825653076172,175.2899932861328,179.25,174.66000366210938,179.08999633789062,4405100
2025-01-13,178.05909729003906,180.3300018310547,180.50999450683594,174.75,175.47999572753906,4205300
2025-01-14,182.393798828125,184.72000122070312,185.0500030517578,181.10000610351562,182.4499969482422,3534500
2025-01-15,188.27874755859375,190.67999267578125,192.08999633789062,188.3300018310547,191.1699981689453,4533900
2025-01-16,186.0669708251953,188.44000244140625,192.17999267578125,187.5,189.99000549316406,2802000
2025-01-17,188.56509399414062,190.97000122070312,193.1699981689453,187.9199981689453,189.0,3723800
2025-01-21,190.77688598632812,193.2100067138672,194.13999938964844,191.0,191.0,4203700
2025-01-22,198.39967346191406,200.92999267578125,202.14999389648438,195.33999633789062,196.74000549316406,7313500
2025-01-23,201.46063232421875,204.02999877929688,207.24000549316406,200.88999938964844,202.3000030517578,5094000
2025-01-24,200.96693420410156,203.52999877929688,205.42999267578125,202.32000732421875,202.63999938964844,4654200
2025-01-27,199.95977783203125,202.50999450683594,204.55999755859375,200.2100067138672,203.02000427246094,2859700
2025-01-28,200.56207275390625,203.1199951171875,204.7899932861328,200.6199951171875,201.38999938964844,3495400
2025-01-29,201.34214782714844,203.91000366210938,206.2899932861328,202.5399932861328,202.5399932861328,2906600
2025-01-30,202.04319763183594,204.6199951171875,208.6300048828125,203.02999877929688,206.0500030517578,2840100
2025-01-31,201.1446533203125,203.7100067138672,206.6199951171875,203.0800018310547,203.0800018310547,2750900
2025-02-03,198.3799285888672,200.91000366210938,202.3000030517578,197.1199951171875,199.74000549316406,3049900
2025-02-04,197.59986877441406,200.1199951171875,203.4600067138672,199.49000549316406,202.4499969482422,3090100
2025-02-05,201.21377563476562,203.77999877929688,204.0,198.89999389648438,201.82000732421875,2371900
2025-02-06,204.03775024414062,206.63999938964844,207.0,203.5,205.60000610351562,3633900
2025-02-07,200.65097045898438,203.2100067138672,207.4199981689453,202.80999755859375,206.94000244140625,1772300
2025-02-10,196.28660583496094,198.7899932861328,203.60000610351562,197.99000549316406,203.4199981689453,2595500
2025-02-11,196.77044677734375,199.27999877929688,200.52000427246094,197.35000610351562,197.3699951171875,2048900
2025-02-12,194.06494140625,196.5399932861328,199.1300048828125,193.64999389648438,199.1199951171875,4601200
2025-02-13,194.8252410888672,197.30999755859375,198.77000427246094,192.9600067138672,197.2100067138672,3213600
2025-02-14,199.61419677734375,202.16000366210938,203.22999572753906,197.57000732421875,197.8000030517578,2506300
2025-02-18,200.8422088623047,202.8000030517578,203.8800048828125,201.00999450683594,203.39999389648438,4548400
2025-02-19,207.79443359375,209.82000732421875,210.10000610351562,203.0,204.0,4670400
2025-02-20,203.38739013671875,205.3699951171875,210.6699981689453,200.8800048828125,210.0,3975500
2025-02-21,198.26730346679688,200.1999969482422,206.36000061035156,199.11000061035156,205.57000732421875,3960700
2025-02-24,197.99002075195312,199.9199981689453,202.67999267578125,195.8000030517578,201.30999755859375,3057100
2025-02-25,192.03802490234375,193.91000366210938,200.64999389648438,190.89999389648438,199.9600067138672,4520300
2025-02-26,194.87042236328125,196.77000427246094,199.5800018310547,195.3800048828125,196.1699981689453,3543500
2025-02-27,195.07839965820312,196.97999572753906,201.47999572753906,196.25999450683594,198.57000732421875,2866800
2025-02-28,198.61392211914062,200.5500030517578,200.72000122070312,196.6999969482422,198.60000610351562,3699600
2025-03-03,194.28611755371094,196.17999267578125,202.25,193.1999969482422,200.3000030517578,3679900
2025-03-04,183.11500549316406,184.89999389648438,192.66000366210938,180.92999267578125,192.05999755859375,6272100
2025-03-05,184.15487670898438,185.9499969482422,186.5,181.61000061035156,184.97999572753906,3509500
2025-03-06,174.4296875,176.1300048828125,182.1199951171875,175.55999755859375,179.7899932861328,5779900
2025-03-07,171.4982452392578,173.1699981689453,175.52000427246094,168.22000122070312,175.0,10064400
2025-03-10,162.28802490234375,163.8699951171875,168.0399932861328,160.7100067138672,167.99000549316406,6937800
2025-03-11,163.80325317382812,165.39999389648438,167.67999267578125,163.02999877929688,165.1300048828125,5541300
2025-03-12,168.80450439453125,170.4499969482422,172.27000427246094,167.3800048828125,169.5,4947900
2025-03-13,164.51629638671875,166.1199951171875,171.6999969482422,164.27000427246094,171.69000244140625,3388000
2025-03-14,170.21080017089844,171.8699951171875,172.24000549316406,167.5,168.61000061035156,3898600
2025-03-17,163.6645965576172,165.25999450683594,172.5,159.91000366210938,170.0,13698500
2025-03-18,167.150634765625,168.77999877929688,169.47000122070312,164.5800018310547,165.61000061035156,4972200
2025-03-19,170.9337615966797,172.60000610351562,174.5500030517578,166.0500030517578,168.0,4132000
2025-03-20,172.78570556640625,174.47000122070312,175.9499969482422,170.30999755859375,170.44000244140625,2845300
2025-03-21,173.13233947753906,174.82000732421875,175.30999755859375,171.47999572753906,172.6699981689453,5074900
2025-03-24,179.114013671875,180.86000061035156,181.75,176.5,178.3300018310547,3801300
2025-03-25,180.67877197265625,182.44000244140625,184.0,180.35000610351562,183.94000244140625,3463600
2025-03-26,178.09396362304688,179.8300018310547,184.83999633789062,178.9199981689453,183.39999389648438,3255400
2025-03-27,176.43016052246094,178.14999389648438,179.94000244140625,175.66000366210938,178.0399932861328,2463200
2025-03-28,171.8547821044922,173.52999877929688,179.33999633789062,171.52999877929688,177.25999450683594,2617300
2025-03-31,177.569091796875,179.3000030517578,180.22999572753906,171.25,171.50999450683594,6130700
2025-04-01,176.49949645996094,178.22000122070312,179.4600067138672,175.55999755859375,177.17999267578125,3248200
2025-04-02,180.4212646484375,182.17999267578125,184.30999755859375,173.30999755859375,175.0,3579000
2025-04-03,162.45639038085938,164.0399932861328,176.4499969482422,158.52000427246094,166.0,13576300
2025-04-04,149.11642456054688,150.57000732421875,158.5,146.19000244140625,156.89999389648438,11073800
2025-04-07,153.1768341064453,154.6699981689453,159.6999969482422,143.22000122070312,144.94000244140625,8586300
2025-04-08,150.87925720214844,152.35000610351562,164.30999755859375,149.69000244140625,162.94000244140625,5796500
2025-04-09,173.22145080566406,174.91000366210938,177.66000366210938,147.3000030517578,149.3699951171875,10828400
2025-04-10,160.59454345703125,162.16000366210938,169.50999450683594,156.75,169.5,6294400
2025-04-11,159.416015625,160.97000122070312,161.7100067138672,155.8300018310547,161.4199981689453,5339500
2025-04-14,160.95108032226562,162.52000427246094,166.16000366210938,159.75999450683594,166.16000366210938,3174500
2025-04-15,161.96121215820312,163.5399932861328,166.92999267578125,163.22999572753906,163.6699981689453,2734400
2025-04-16,158.5148162841797,160.05999755859375,164.00999450683594,157.88999938964844,161.5,4003400
2025-04-17,161.1986541748047,162.77000427246094,164.77999877929688,158.4199981689453,161.32000732421875,2340500
2025-04-21,163.56558227539062,165.16000366210938,171.3699951171875,161.50999450683594,169.0800018310547,12120200
2025-04-22,168.55691528320312,170.1999969482422,171.39999389648438,167.0,167.92999267578125,6890700
2025-04-23,174.75650024414062,176.4600067138672,184.49000549316406,175.60000610351562,177.0,7665100
2025-04-24,183.26356506347656,185.0500030517578,186.0500030517578,176.00999450683594,177.0,6516700
2025-04-25,180.9659423828125,182.72999572753906,186.63999938964844,182.52999877929688,184.69000244140625,3464000
2025-04-28,181.3621063232422,183.1300048828125,185.66000366210938,181.63999938964844,183.25,3185900
2025-04-29,181.3125762939453,183.0800018310547,183.91000366210938,180.0500030517578,183.10000610351562,2602900
2025-04-30,178.51979064941406,180.25999450683594,180.80999755859375,174.72000122070312,180.1999969482422,4171100
2025-05-01,178.48019409179688,180.22000122070312,181.97000122070312,178.3300018310547,179.74000549316406,3232000
2025-05-02,186.0167236328125,187.8300018310547,189.33999633789062,182.88999938964844,184.0500030517578,4696700
2025-05-05,186.08604431152344,187.89999389648438,189.47000122070312,185.13999938964844,185.47000122070312,3105000
2025-05-06,183.91720581054688,185.7100067138672,187.22000122070312,184.0,185.0,3461900
2025-05-07,184.74908447265625,186.5500030517578,189.11000061035156,185.52000427246094,186.92999267578125,4733900
2025-05-08,187.6706085205078,189.5,192.66000366210938,188.47999572753906,188.92999267578125,5081500
2025-05-09,185.94740295410156,187.75999450683594,189.83999633789062,186.47999572753906,189.83999633789062,3178400
2025-05-12,198.01971435546875,199.9499969482422,203.0,197.39999389648438,198.22999572753906,6840700
2025-05-13,199.09918212890625,201.0399932861328,204.47999572753906,199.25,199.75999450683594,4635200
2025-05-14,195.3358917236328,197.24000549316406,202.0,196.38999938964844,201.64999389648438,7114300
2025-05-15,195.59336853027344,197.5,197.82000732421875,193.39999389648438,195.52000427246094,8200600
2025-05-16,195.31607055664062,197.22000122070312,199.47000122070312,195.3300018310547,197.38999938964844,18227300
2025-05-19,195.50425720214844,197.41000366210938,200.0,194.5,195.7899932861328,6054400
2025-05-20,194.058349609375,195.9499969482422,197.7899932861328,194.75,196.36000061035156,5240400
2025-05-21,185.1254119873047,186.92999267578125,195.0,186.7899932861328,195.0,5918900
2025-05-22,186.73968505859375,188.55999755859375,189.49000549316406,186.02999877929688,186.8800048828125,4771200
2025-05-23,183.8783721923828,185.0800018310547,186.47999572753906,183.3800048828125,183.57000732421875,6580600
2025-05-27,190.80311584472656,192.0500030517578,192.44000244140625,186.5500030517578,186.67999267578125,7053500
2025-05-28,189.83941650390625,191.0800018310547,193.22999572753906,190.75,192.83999633789062,4359200
2025-05-29,189.52149963378906,190.75999450683594,193.5399932861328,189.52999877929688,193.27999877929688,4204000
2025-05-30,187.92193603515625,189.14999389648438,190.10000610351562,186.4600067138672,189.44000244140625,6183000
2025-06-02,190.21694946289062,191.4600067138672,191.75999450683594,186.50999450683594,188.60000610351562,3858300
2025-06-03,194.35989379882812,195.6300048828125,195.9199981689453,190.69000244140625,191.52000427246094,4623100
2025-06-04,191.6078643798828,192.86000061035156,197.10000610351562,192.60000610351562,196.13999938964844,3022800
2025-06-05,190.75344848632812,192.0,194.3000030517578,190.85000610351562,193.17999267578125,2558300
2025-06-06,196.85357666015625,198.13999938964844,198.77000427246094,194.49000549316406,194.94000244140625,3452300
2025-06-09,197.6980743408203,198.99000549316406,200.47000122070312,197.0800018310547,199.0,3622300
2025-06-10,199.69500732421875,201.0,201.3699951171875,197.66000366210938,199.27999877929688,4808000
2025-06-11,199.22805786132812,200.52999877929688,205.1199951171875,199.85000610351562,202.0,4464900
2025-06-12,196.3965606689453,197.67999267578125,199.69000244140625,196.61000061035156,198.5,2541800
2025-06-13,191.57806396484375,192.8300018310547,195.83999633789062,191.8699951171875,194.11000061035156,3413400
2025-06-16,196.3369598388672,197.6199951171875,199.22000122070312,193.88999938964844,195.00999450683594,3080700
2025-06-17,192.66098022460938,193.9199981689453,197.0,193.1699981689453,195.89999389648438,4038400
2025-06-18,195.88987731933594,197.1699981689453,198.41000366210938,193.3300018310547,193.3300018310547,3403800
2025-06-20,197.0820770263672,198.3699951171875,200.0,197.3300018310547,198.82000732421875,5359400
2025-06-23,200.33087158203125,201.63999938964844,201.97999572753906,196.22000122070312,198.13999938964844,3541800
2025-06-24,205.0202178955078,206.36000061035156,207.5,201.6199951171875,203.6300048828125,3549700
2025-06-25,206.6793670654297,208.02999877929688,208.35000610351562,205.64999389648438,206.9199981689453,3039800
2025-06-26,209.1432647705078,210.50999450683594,211.5800018310547,209.14999389648438,209.5,3585200
2025-06-27,209.6400146484375,211.00999450683594,212.82000732421875,208.75,210.27000427246094,4410800
2025-06-30,211.378662109375,212.75999450683594,215.6199951171875,211.67999267578125,212.60000610351562,6402200
2025-07-01,213.78294372558594,215.17999267578125,216.80999755859375,211.44000244140625,212.13999938964844,4923800
2025-07-02,217.38938903808594,218.80999755859375,219.25999450683594,214.57000732421875,215.42999267578125,3573100
2025-07-03,219.4757537841797,220.91000366210938,221.9499969482422,218.89999389648438,219.39999389648438,1856000
2025-07-07,216.71380615234375,218.1300048828125,220.97999572753906,216.5800018310547,220.0,2743100
2025-07-08,216.087890625,217.5,220.9199981689453,216.6699981689453,220.89999389648438,2989300
2025-07-09,216.61444091796875,218.02999877929688,220.3699951171875,217.80999755859375,218.8800048828125,3461600
2025-07-10,219.30685424804688,220.74000549316406,221.9199981689453,218.32000732421875,219.1199951171875,2874900
2025-07-11,218.36300659179688,219.7899932861328,220.67999267578125,218.05999755859375,218.86000061035156,2981000
2025-07-14,219.4062042236328,220.83999633789062,221.30999755859375,218.86000061035156,220.3000030517578,2145700
2025-07-15,213.94190979003906,215.33999633789062,220.52000427246094,215.22999572753906,220.08999633789062,3134800
2025-07-16,215.21359252929688,216.6199951171875,217.5,213.1300048828125,216.30999755859375,3272800
2025-07-17,216.5846405029297,218.0,218.86000061035156,215.75,215.83999633789062,3584400
2025-07-18,216.86282348632812,218.27999877929688,218.80999755859375,215.27000427246094,218.60000610351562,3107000
2025-07-21,214.47840881347656,215.8800048828125,219.77999877929688,215.85000610351562,218.27999877929688,2999800
2025-07-22,216.00840759277344,217.4199981689453,218.3800048828125,214.00999450683594,215.49000549316406,4398100
2025-07-23,218.03517150878906,219.4600067138672,232.4499969482422,219.25,227.86000061035156,9069600
2025-07-24,209.95794677734375,211.3300018310547,221.14999389648438,211.3300018310547,220.63999938964844,7498600
2025-07-25,211.4680938720703,212.85000610351562,214.1999969482422,208.80999755859375,211.5,4726800
2025-07-28,212.7894287109375,214.17999267578125,216.08999633789062,212.25,213.0500030517578,6192000
2025-07-29,212.43177795410156,213.82000732421875,216.41000366210938,212.75,215.0,3435900
2025-07-30,213.83261108398438,215.22999572753906,216.8800048828125,213.32000732421875,213.91000366210938,3471400
2025-07-31,213.60411071777344,215.0,216.2899932861328,213.3800048828125,214.3300018310547,4299500
2025-08-01,206.12301635742188,207.47000122070312,211.7100067138672,203.6300048828125,211.57000732421875,4794900
2025-08-04,209.42144775390625,210.7899932861328,211.1999969482422,207.72000122070312,209.0500030517578,2174800
2025-08-05,210.62359619140625,212.0,212.99000549316406,208.5800018310547,211.99000549316406,3683600
2025-08-06,211.4978790283203,212.8800048828125,213.32000732421875,211.44000244140625,212.30999755859375,3186500
2025-08-07,205.9441680908203,207.2899932861328,214.66000366210938,206.8699951171875,214.42999267578125,3456600
2025-08-08,206.87808227539062,208.22999572753906,210.39999389648438,206.27000427246094,209.16000366210938,3109200
2025-08-11,206.89794921875,208.25,210.4499969482422,206.83999633789062,208.9600067138672,4378400
2025-08-12,215.32289123535156,216.72999572753906,217.13999938964844,209.5399932861328,210.27999877929688,3250600
2025-08-13,215.5613250732422,216.97000122070312,218.74000549316406,215.1300048828125,217.8800048828125,2951900
2025-08-14,219.6446533203125,221.0800018310547,221.27000427246094,215.02999877929688,216.02000427246094,3032900
2025-08-15,214.61378479003906,215.42999267578125,221.08999633789062,214.47000122070312,221.08999633789062,4464100
2025-08-18,215.380859375,216.1999969482422,216.25,213.57000732421875,214.57000732421875,2744400
2025-08-19,213.80685424804688,214.6199951171875,217.1999969482422,213.60000610351562,215.41000366210938,2432500
2025-08-20,213.89651489257812,214.7100067138672,214.89999389648438,209.39999389648438,213.11000061035156,2967000
2025-08-21,211.2067413330078,212.00999450683594,213.25999450683594,210.6199951171875,213.22999572753906,3284800
2025-08-22,220.38185119628906,221.22000122070312,222.60000610351562,212.0399932861328,213.33999633789062,4137900
2025-08-25,220.26231384277344,221.10000610351562,221.9499969482422,220.42999267578125,221.0,1959200
2025-08-26,224.0678253173828,224.9199981689453,225.22999572753906,220.22000122070312,220.5,3672300
2025-08-27,223.69923400878906,224.5500030517578,226.72000122070312,224.4499969482422,224.8300018310547,2829100
2025-08-28,226.2794189453125,227.13999938964844,227.69000244140625,225.0500030517578,225.4600067138672,2822300
2025-08-29,226.35911560058594,227.22000122070312,228.16000366210938,225.16000366210938,227.22000122070312,2551600
2025-09-02,222.42408752441406,223.27000427246094,223.85000610351562,219.24000549316406,223.39999389648438,3470900
2025-09-03,220.49143981933594,221.3300018310547,223.97000122070312,218.58999633789062,223.25,3019000
2025-09-04,225.46253967285156,226.32000732421875,226.75,221.4600067138672,222.27999877929688,2626400
2025-09-05,220.690673828125,221.52999877929688,227.47999572753906,220.1300048828125,226.25,3841400
2025-09-08,219.26609802246094,220.10000610351562,222.5,218.58999633789062,222.05999755859375,3820000
2025-09-09,221.63706970214844,222.47999572753906,222.75999450683594,218.16000366210938,219.75999450683594,3346700
2025-09-10,222.58346557617188,223.42999267578125,224.1199951171875,220.77999877929688,221.97999572753906,2667800
2025-09-11,223.5,224.35000610351562,226.27999877929688,220.63999938964844,221.6300048828125,2107300
2025-09-12,222.91221618652344,223.75999450683594,225.3300018310547,221.86000061035156,225.24000549316406,2153800
2025-09-15,225.67172241210938,226.52999877929688,230.5,224.82000732421875,225.07000732421875,2744800
2025-09-16,223.5597686767578,224.41000366210938,227.7899932861328,222.32000732421875,227.7899932861328,3254900
2025-09-17,224.75521850585938,225.61000061035156,229.2100067138672,223.5,224.86000061035156,2850600
2025-09-18,228.86956787109375,229.74000549316406,230.1300048828125,225.33999633789062,227.3699951171875,2295600
2025-09-19,227.4549560546875,228.32000732421875,229.97000122070312,226.47999572753906,229.97000122070312,4825300
2025-09-22,224.5559844970703,225.41000366210938,227.3699951171875,224.47999572753906,226.0,2567100
2025-09-23,222.17503356933594,223.02000427246094,228.72000122070312,222.66000366210938,225.50999450683594,3131500
2025-09-24,223.49002075195312,224.33999633789062,225.63999938964844,223.0800018310547,224.00999450683594,2432000
2025-09-25,221.61715698242188,222.4600067138672,223.69000244140625,219.66000366210938,223.0500030517578,3083600
2025-09-26,223.2011260986328,224.0500030517578,225.42999267578125,222.08999633789062,223.52999877929688,2402500
2025-09-29,222.75283813476562,223.60000610351562,226.22999572753906,221.17999267578125,226.22999572753906,3195700
2025-09-30,211.7745819091797,212.5800018310547,224.11000061035156,208.72000122070312,223.30999755859375,9877100
2025-10-01,212.67117309570312,213.47999572753906,216.8699951171875,211.6999969482422,213.30999755859375,5092600
2025-10-02,212.97003173828125,213.77999877929688,214.75999450683594,210.3000030517578,211.99000549316406,3155200
2025-10-03,213.58767700195312,214.39999389648438,216.5,212.80999755859375,212.89999389648438,2499500
2025-10-06,213.03977966308594,213.85000610351562,217.2100067138672,211.49000549316406,215.49000549316406,2903900
2025-10-07,212.88038635253906,213.69000244140625,214.9499969482422,211.1300048828125,214.0500030517578,2227200
2025-10-08,211.11708068847656,211.9199981689453,215.75999450683594,211.52999877929688,214.10000610351562,2409800
2025-10-09,209.94155883789062,210.74000549316406,213.72000122070312,210.24000549316406,212.42999267578125,2756500
2025-10-10,201.7228240966797,202.49000549316406,212.44000244140625,202.02000427246094,211.47999572753906,4641200
2025-10-13,206.8234100341797,207.61000061035156,207.8000030517578,204.3000030517578,205.25,3036500
2025-10-14,213.38844299316406,214.1999969482422,216.72999572753906,206.1199951171875,206.1199951171875,3997800
2025-10-15,214.28504943847656,215.10000610351562,218.0,213.25999450683594,216.5500030517578,2774600
2025-10-16,202.38031005859375,203.14999389648438,216.25,200.60000610351562,214.47999572753906,7841900
2025-10-17,210.53927612304688,211.33999633789062,212.1999969482422,204.3800048828125,204.3800048828125,4621800
2025-10-20,214.055908203125,214.8699951171875,215.72000122070312,212.02999877929688,212.52999877929688,3780000
2025-10-21,216.22764587402344,217.0500030517578,218.58999633789062,214.11000061035156,214.5,5354100
2025-10-22,219.54502868652344,220.3800048828125,228.4199981689453,220.0800018310547,227.00999450683594,7675600
2025-10-23,219.20631408691406,220.0399932861328,222.6699981689453,218.60000610351562,222.0,4353200
2025-10-24,224.15748596191406,225.00999450683594,227.6199951171875,222.85000610351562,224.02999877929688,3263600
2025-10-27,222.64324951171875,223.49000549316406,227.58999633789062,222.36000061035156,227.4199981689453,3402600
2025-10-28,220.15272521972656,220.99000549316406,223.77000427246094,219.80999755859375,223.19000244140625,2953300
2025-10-29,217.76181030273438,218.58999633789062,222.4499969482422,217.08999633789062,218.5,3482500
2025-10-30,217.5526123046875,218.3800048828125,222.97999572753906,217.97999572753906,218.22999572753906,2808400
2025-10-31,219.15650939941406,219.99000549316406,221.11000061035156,217.19000244140625,218.0,2550300
2025-11-03,220.8600311279297,221.6999969482422,222.5,218.02999877929688,219.99000549316406,2584100
2025-11-04,219.84388732910156,220.67999267578125,222.0,217.5399932861328,219.25999450683594,2444200
2025-11-05,220.5611572265625,221.39999389648438,223.42999267578125,217.55999755859375,220.27999877929688,2539300
2025-11-06,216.0583038330078,216.8800048828125,222.86000061035156,215.89999389648438,221.4199981689453,4059000
2025-11-07,216.99473571777344,217.82000732421875,219.05999755859375,213.3000030517578,216.1199951171875,3945800
2025-11-10,219.5251007080078,220.36000061035156,222.82000732421875,218.2100067138672,219.11000061035156,3135300
2025-11-11,219.91363525390625,220.75,222.19000244140625,218.25,220.1300048828125,1778900
2025-11-12,221.2884063720703,222.1300048828125,223.57000732421875,219.69000244140625,220.1999969482422,4014600
2025-11-13,215.9785919189453,216.8000030517578,223.32000732421875,215.52000427246094,220.61000061035156,4608700
2025-11-14,210.34999084472656,211.14999389648438,214.83999633789062,209.6300048828125,213.9600067138672,5022000
2025-11-17,201.00999450683594,201.00999450683594,210.5800018310547,199.08999633789062,209.80999755859375,7102700
2025-11-18,200.0399932861328,200.0399932861328,204.5,199.44000244140625,199.7899932861328,6180400
2025-11-19,202.39999389648438,202.39999389648438,203.0399932861328,200.0,200.97000122070312,4297200
2025-11-20,202.22000122070312,202.22000122070312,209.9499969482422,201.16000366210938,206.3800048828125,5580000
2025-11-21,207.8699951171875,207.8699951171875,209.42999267578125,201.89999389648438,203.4600067138672,4623900
2025-11-24,208.83999633789062,208.83999633789062,210.52999877929688,206.41000366210938,209.02999877929688,4195400
2025-11-25,214.4499969482422,214.4499969482422,215.67999267578125,208.1300048828125,208.97999572753906,2885200
2025-11-26,217.47000122070312,217.47000122070312,219.14999389648438,214.5,214.60000610351562,2431500
2025-11-28,219.07000732421875,219.07000732421875,220.8000030517578,217.5500030517578,218.72999572753906,1639800
2025-12-01,220.3699951171875,220.3699951171875,223.02999877929688,217.55999755859375,218.14999389648438,3424200
2025-12-02,224.0,224.0,224.88999938964844,219.8699951171875,221.5399932861328,3967800
2025-12-03,227.24000549316406,227.24000549316406,228.41000366210938,222.97999572753906,223.92999267578125,4089700
2025-12-04,229.7100067138672,229.7100067138672,230.9600067138672,226.47999572753906,226.8000030517578,4294200
2025-12-05,230.67999267578125,230.67999267578125,233.00999450683594,228.55999755859375,228.55999755859375,3919700
2025-12-08,230.58999633789062,230.58999633789062,233.0399932861328,229.44000244140625,231.10000610351562,3723000
2025-12-09,230.80999755859375,230.80999755859375,234.97000122070312,228.6300048828125,230.58999633789062,4141500
2025-12-10,237.75999450683594,237.75999450683594,238.47000122070312,229.13999938964844,229.9499969482422,4146200
2025-12-11,239.2899932861328,239.2899932861328,243.30999755859375,237.0,237.47999572753906,4067300
2025-12-12,237.8699951171875,237.8699951171875,241.24000549316406,236.00999450683594,240.55999755859375,2964100
2025-12-15,239.80999755859375,239.80999755859375,241.0,238.0500030517578,239.3800048828125,4046000
2025-12-16,241.61000061035156,241.61000061035156,242.5,239.08999633789062,240.3699951171875,3941700
2025-12-17,239.5,239.5,244.82000732421875,238.8699951171875,242.6300048828125,3440500
2025-12-18,242.8000030517578,242.8000030517578,244.7899932861328,241.0800018310547,241.0800018310547,3794400
2025-12-19,243.72999572753906,243.72999572753906,244.77000427246094,240.74000549316406,241.9199981689453,5908500
